    1    1  7.109E-01
    1    2  1.379E-05
    2    3  1.137E-05
    2    4  6.852E-02
    3    6  1.231E-10
    3    7  1.499E-09
    4    9  2.156E-11
    5   10  1.004E-10
    5   11  4.061E-10
    6   12  2.047E-04
    6   13  2.293E-06
    7   14  5.682E-05
    7   15  2.089E-07
    8   16  4.123E-04
    8   17  1.538E-07
    8   18  8.267E-07
    9   19  2.460E-08
   10   20  5.837E-05
   10   21  1.400E-07
   10   22  4.293E-06
   11   23  1.682E-06
   12   24  2.356E-05
   12   25  2.983E-06
   12   26  3.284E-06
   13   27  2.459E-06
   14   28  2.697E-05
   14   29  1.370E-06
   14   30  9.028E-07
   15   31  2.449E-07
   16   32  1.236E-05
   16   33  9.768E-08
   16   34  5.483E-07
   16   36  2.223E-09
   17   35  1.160E-07
   17   37  3.711E-08
   18   36  2.536E-06
   18   38  4.610E-07
   18   40  7.019E-10
   19   39  1.007E-07
   19   40  1.570E-10
   19   41  7.267E-09
   20   40  1.782E-06
   20   42  1.190E-08
   20   43  2.483E-09
   20   44  3.834E-08
   20   46  7.311E-11
   20   48  3.451E-09
   21   45  1.000E-09
   22   46  5.849E-09
   22   47  5.264E-09
   22   48  5.220E-08
   22   49  3.831E-09
   22   50  3.685E-09
   23   50  2.106E-11
   23   51  8.413E-09
   24   50  1.635E-08
   24   52  3.151E-07
   24   53  3.574E-08
   24   54  8.890E-09
   25   55  2.681E-07
   26   54  1.432E-06
   26   56  2.249E-05
   26   57  5.194E-07
   26   58  6.902E-08
   27   59  6.793E-08
   28   58  9.516E-07
   28   60  3.665E-07
   28   61  1.594E-08
   28   62  5.080E-08
   28   64  1.293E-08
   29   63  1.066E-08
   29   65  4.752E-09
   30   64  1.743E-08
   30   66  1.000E-08
   30   67  1.471E-09
   30   68  6.726E-09
   30   70  2.223E-10
   31   69  6.323E-10
   31   71  4.197E-10
   32   70  7.487E-10
   32   72  9.768E-10
   32   73  2.720E-10
   32   74  1.266E-09
   32   76  2.632E-10
   33   75  1.781E-10
   34   74  1.696E-11
   34   76  1.801E-10
   34   77  1.468E-10
   34   78  4.574E-10
   34   80  9.545E-10
   34   82  1.679E-10
   35   79  1.679E-10
   35   81  1.632E-10
   36   78  5.849E-12
   36   80  3.743E-11
   36   82  1.880E-10
   36   83  1.863E-10
   36   84  9.177E-10
   36   86  2.775E-10
   37   85  1.387E-10
   37   87  5.706E-11
   38   84  3.838E-12
   38   86  6.787E-11
   38   87  4.743E-11
   38   88  5.686E-10
   39   89  1.348E-10
   40   90  1.705E-10
   40   91  3.720E-11
   40   92  5.682E-11
   40   94  5.758E-11
   40   96  9.270E-12
   41   93  2.209E-11
   42   92  1.129E-11
   42   94  7.048E-12
   42   95  1.211E-11
   42   96  1.269E-11
   42   97  7.282E-12
   42   98  1.837E-11
   42  100  7.340E-12
   44   96  3.079E-12
   44   98  1.038E-12
   44   99  7.077E-12
   44  100  6.989E-12
   44  101  9.475E-12
   44  102  1.752E-11
   44  104  1.035E-11
   45  103  1.084E-11
   46  102  4.270E-13
   46  104  4.679E-12
   46  105  9.358E-12
   46  106  1.146E-11
   46  108  1.111E-11
   46  110  4.913E-12
   47  107  7.449E-12
   47  109  6.919E-12
   48  106  5.790E-13
   48  108  4.123E-13
   48  110  5.790E-12
   48  111  5.937E-12
   48  112  1.117E-11
   48  113  5.673E-12
   48  114  1.331E-11
   48  116  3.480E-12
   49  113  2.281E-13
   49  115  5.059E-12
   50  112  1.060E-12
   50  114  7.194E-13
   50  115  3.699E-13
   50  116  1.587E-11
   50  117  8.378E-12
   50  118  2.644E-11
   50  119  9.373E-12
   50  120  3.558E-11
   50  122  5.053E-12
   50  124  6.320E-12
   51  121  5.507E-12
   51  123  4.121E-12
   52  120  1.345E-13
   52  122  3.664E-12
   52  123  1.278E-12
   52  124  6.782E-12
   52  125  1.005E-11
   52  126  2.669E-11
   52  128  4.463E-11
   52  130  4.758E-11
   53  127  2.917E-11
   54  124  2.030E-13
   54  126  1.761E-13
   54  128  3.509E-12
   54  129  4.328E-11
   54  130  6.902E-12
   54  131  3.436E-11
   54  132  4.156E-11
   54  134  1.524E-11
   54  136  1.240E-11
   55  133  1.074E-11
   56  130  1.345E-13
   56  132  1.287E-13
   56  134  3.076E-12
   56  135  8.387E-12
   56  136  9.993E-12
   56  137  1.429E-11
   56  138  9.124E-11
   57  138  1.173E-14
   57  139  1.287E-11
   58  136  6.346E-14
   58  138  8.569E-14
   58  140  3.024E-11
   58  142  3.799E-12
   59  141  5.080E-12
   60  142  6.635E-12
   60  143  2.945E-12
   60  144  5.822E-12
   60  145  2.028E-12
   60  146  4.195E-12
   60  148  1.402E-12
   60  150  1.373E-12
   62  144  2.284E-13
   62  147  1.148E-12
   62  148  8.364E-13
   62  149  1.026E-12
   62  150  5.498E-13
   62  152  1.989E-12
   62  154  1.690E-12
   63  151  1.330E-12
   63  153  1.452E-12
   64  152  1.959E-14
   64  154  2.117E-13
   64  155  1.437E-12
   64  156  1.988E-12
   64  157  1.520E-12
   64  158  2.412E-12
   64  160  2.123E-12
   65  159  1.727E-12
   66  156  6.317E-15
   66  158  1.085E-14
   66  160  2.644E-13
   66  161  2.135E-12
   66  162  2.881E-12
   66  163  2.813E-12
   66  164  3.185E-12
   67  165  2.628E-12
   68  162  1.024E-14
   68  164  1.202E-13
   68  166  2.510E-12
   68  167  1.713E-12
   68  168  2.001E-12
   68  170  1.115E-12
   69  169  1.082E-12
   70  168  9.446E-15
   70  170  2.208E-13
   70  171  1.037E-12
   70  172  1.586E-12
   70  173  1.172E-12
   70  174  2.312E-12
   70  176  9.270E-13
   71  175  1.018E-12
   71  176  2.948E-14
   72  174  8.042E-15
   72  176  2.584E-13
   72  177  9.240E-13
   72  178  1.356E-12
   72  179  6.769E-13
   72  180  1.743E-12
   73  180  7.545E-17
   73  181  6.137E-13
   74  180  4.474E-15
   74  182  9.896E-13
   74  183  5.346E-13
   74  184  1.144E-12
   74  186  1.062E-12
   75  185  5.746E-13
   75  187  1.036E-12
   76  184  3.889E-15
   76  186  3.137E-13
   76  187  2.495E-13
   76  188  2.618E-12
   76  189  3.192E-12
   76  190  5.191E-12
   76  192  8.062E-12
   77  191  7.027E-12
   77  193  1.183E-11
   78  190  5.439E-15
   78  192  3.106E-13
   78  194  1.308E-11
   78  195  1.343E-11
   78  196  1.002E-11
   78  198  2.843E-12
   79  197  5.717E-12
   80  196  1.842E-14
   80  198  1.202E-12
   80  199  2.038E-12
   80  200  2.787E-12
   80  201  1.591E-12
   80  202  3.606E-12
   80  204  8.276E-13
   81  203  1.594E-12
   81  205  3.802E-12
   82  204  1.888E-12
   82  206  1.757E-11
   82  207  1.945E-11
   82  208  5.566E-11
   83  209  4.059E-12
   90  232  1.286E-12
   92  235  1.731E-13
   92  238  5.472E-13
