T9     adopt  exp
0.07   2.27   -24
0.08   1.41   -22
0.09   4.60   -21
0.10   9.25   -20
0.11   1.27   -18
0.12   1.30   -17
0.13   1.03   -16
0.14   6.67   -16
0.15   3.63   -15
0.16   1.71   -14
0.18   2.64   -13
0.20   2.79   -12
0.25   3.33   -10
0.30   1.64   -08
0.35   4.21   -07
0.40   5.77   -06
0.45   4.72   -05
0.50   2.62   -04
0.60   3.69   -03
0.70   2.74   -02
0.80   1.42   -01
0.90   5.87   -01
1.00   2.07   -00
1.25   2.79   +01
1.50   1.98   +02
1.75   8.91   +02
2.00   2.90   +03
2.50   1.65   +04
3.00   5.65   +04
3.50   1.44   +05
4.00   3.02   +05
5.00   9.12   +05
6.00   2.02   +06
7.00   3.73   +06
8.00   6.06   +06
9.00   9.05   +06
10.0   1.27   +07
