T9     adopt  exp
0.10   9.90   -25
0.11   3.05   -23
0.12   5.24   -22
0.13   5.77   -21
0.14   4.52   -20
0.15   2.73   -19
0.16   1.38   -18
0.18   2.96   -17
0.20   6.04   -16
0.25   3.12   -13
0.30   2.56   -11
0.35   6.58   -10
0.40   7.89   -09
0.45   5.56   -08
0.50   2.67   -07
0.60   2.80   -06
0.70   1.49   -05
0.80   5.30   -05
0.90   1.49   -04
1.00   3.63   -04
1.25   2.41   -03
1.50   1.57   -02
1.75   7.61   -02
2.00   2.90   -01
2.50   2.33   -00
3.00   1.07   +01
3.50   3.44   +01
4.00   8.84   +01
5.00   3.69   +02
6.00   1.02   +03
7.00   2.17   +03
8.00   3.83   +03
9.00   5.92   +03
10.0   8.31   +03
