T9     adopt  exp
0.002   0.00   -00
0.003   0.00   -00
0.004   0.00   -00
0.005   0.00   -00
0.006   0.00   -00
0.007   0.00   -00
0.008   0.00   -00
0.009   0.00   -00
0.010   0.00   -00
0.011   0.00   -00
0.012   0.00   -00
0.013   0.00   -00
0.014   0.00   -00
0.015   0.00   -00
0.016   0.00   -00
0.018   1.55   -48
0.020   2.74   -46
0.025   8.70   -42
0.030   2.35   -38
0.040   2.34   -33
0.050   8.29   -30
0.060   4.19   -27
0.070   6.00   -25
0.080   3.58   -23
0.090   1.13   -21
0.100   2.20   -20
0.110   2.93   -19
0.120   2.89   -18
0.130   2.23   -17
0.140   1.41   -16
0.150   7.46   -16
0.160   3.43   -15
0.180   5.04   -14
0.200   5.08   -13
0.250   5.03   -11
0.300   1.62   -09
0.350   2.53   -08
0.400   2.38   -07
0.450   1.55   -06
0.500   7.65   -06
0.600   1.02   -04
0.700   7.68   -04
0.800   3.90   -03
0.900   1.49   -02
1.000   4.58   -02
1.250   3.89   -01
1.500   1.76   +00
1.750   5.35   +00
2.000   1.24   +01
2.500   3.96   +01
3.000   8.39   +01
3.500   1.42   +02
4.000   2.13   +02
5.000   4.01   +02
6.000   6.65   +02
7.000   1.01   +03
8.000   1.40   +03
9.000   1.82   +03
10.00   2.24   +03
