4

       he4 ne22 mg26                       an99      1.06148e+01          
 1.000e-99 1.000e-99 1.000e-99 1.000e-99 1.000e-99 1.000e-99 9.900e-25 2.730e-19 6.040e-16 3.120e-13 2.560e-11 7.890e-09 2.670e-07 2.800e-06 1.490e-05 5.300e-05 1.490e-04 3.630e-04 1.570e-02 2.900e-01 2.330e+00 1.070e+01 3.440e+01 8.840e+01 3.690e+02 1.020e+03 2.170e+03 3.830e+03 5.920e+03 8.310e+03
       he4  o17 ne21                       cf88n     7.35100e+00          
 1.000e-99 1.000e-99 1.000e-99 1.000e-99 1.000e-99 8.290e-31 2.200e-21 7.460e-17 5.080e-14 5.030e-12 1.620e-10 2.380e-08 7.650e-07 1.020e-05 7.680e-05 3.900e-04 1.490e-03 4.580e-03 1.760e-01 1.240e+00 3.960e+00 8.390e+00 1.420e+01 2.130e+01 4.010e+01 6.650e+01 1.010e+02 1.400e+02 1.820e+02 2.240e+02
5

       he4 ne22    n mg25                  ja01     -4.78290e-01          
 1.000e-99 1.000e-99 1.000e-99 1.000e-99 1.000e-99 6.477e-57 1.980e-30 1.358e-21 9.107e-17 1.562e-13 2.583e-11 1.624e-08 8.821e-07 1.906e-05 2.795e-04 2.739e-03 1.813e-02 8.718e-02 1.388e+01 2.600e+02 1.998e+03 9.111e+03 2.920e+04 7.308e+04 2.827e+05 7.358e+05 1.514e+06 2.684e+06 4.302e+06 6.423e+06
       he4  o17    n ne20                  an99      5.86000e-01          
 1.000e-99 1.000e-99 1.000e-99 1.000e-99 1.000e-99 1.000e-99 9.250e-20 3.630e-15 2.790e-12 3.330e-10 1.640e-08 5.770e-06 2.620e-04 3.690e-03 2.740e-02 1.420e-01 5.870e-01 2.070e+00 1.980e+02 2.900e+03 1.650e+04 5.650e+04 1.440e+05 3.020e+05 9.120e+05 2.020e+06 3.730e+06 6.060e+06 9.050e+06 1.270e+07
