# A    Z    N    Y    X
      1       0       1     1.898752752e-26     1.898752752e-26
      1       1       0     3.377590608e-14     3.377590608e-14
      2       1       1     4.518667209e-30     9.037334417e-30
      3       1       2     1.197702293e-48     3.593106879e-48
      3       2       1     6.805876223e-37     2.041762867e-36
      4       2       2     1.238828801e-03     4.955315205e-03
      6       2       4     4.393149842e-63     2.635889905e-62
      6       3       3     9.809233400e-33     5.885540040e-32
      7       3       4     1.551480629e-45     1.086036440e-44
      8       3       5     1.909862956e-67     1.527890365e-66
      9       3       6     1.525349945e-83     1.372814950e-82
      7       4       3     7.611201331e-35     5.327840932e-34
      9       4       5     3.427853450e-30     3.085068105e-29
      8       5       3     2.905274645e-49     2.324219716e-48
     10       5       5     2.256720072e-31     2.256720072e-30
     11       5       6     2.537614509e-33     2.791375960e-32
      9       6       3     9.245288545e-58     8.320759690e-57
     10       6       4     6.185968927e-28     6.185968927e-27
     11       6       5     1.422495677e-27     1.564745245e-26
     12       6       6     3.588646934e-04     4.306376321e-03
     13       6       7     4.335257783e-15     5.635835118e-14
     14       6       8     1.075408567e-26     1.505571994e-25
     12       7       5     2.862751085e-37     3.435301303e-36
     13       7       6     1.059663826e-10     1.377562973e-09
     14       7       7     1.708410323e-16     2.391774452e-15
     15       7       8     2.645007174e-19     3.967510762e-18
     13       8       5     5.458415343e-46     7.095939946e-45
     14       8       6     2.521892670e-15     3.530649738e-14
     15       8       7     3.191071373e-18     4.786607059e-17
     16       8       8     4.860838919e-06     7.777342271e-05
     17       8       9     8.637283373e-15     1.468338173e-13
     18       8      10     3.168506235e-18     5.703311224e-17
     17       9       8     7.911470873e-14     1.344950048e-12
     18       9       9     2.895288995e-15     5.211520191e-14
     19       9      10     1.792393602e-17     3.405547844e-16
     17      10       7     4.591802107e-95     7.806063583e-94
     18      10       8     3.222609414e-22     5.800696945e-21
     19      10       9     1.982023501e-18     3.765844652e-17
     20      10      10     2.781133510e-06     5.562267020e-05
     21      10      11     2.069591633e-11     4.346142430e-10
     22      10      12     2.876347064e-17     6.327963540e-16
     23      10      13     1.827589670e-30     4.203456242e-29
     20      11       9     2.958526418e-27     5.917052837e-26
     21      11      10     1.849953047e-13     3.884901400e-12
     22      11      11     7.183952526e-13     1.580469556e-11
     23      11      12     1.516210765e-14     3.487284759e-13
     20      12       8     3.725988581e-82     7.451977162e-81
     21      12       9     2.790891763e-36     5.860872703e-35
     22      12      10     5.443820476e-19     1.197640505e-17
     23      12      11     2.925222414e-17     6.728011551e-16
     24      12      12     2.047033255e-05     4.912879812e-04
     25      12      13     1.609215374e-06     4.023038436e-05
     26      12      14     3.539513736e-09     9.202735712e-08
     22      13       9     1.304955082e-60     2.870901181e-59
     23      13      10     1.392016005e-32     3.201636812e-31
     24      13      11     3.743821685e-25     8.985172045e-24
     25      13      12     1.127413311e-09     2.818533277e-08
     26      13      13     1.346777477e-07     3.501621440e-06
     27      13      14     1.297593930e-08     3.503503610e-07
     22      14       8     0.000000000e+00     0.000000000e+00
     23      14       9     2.693421360e-69     6.194869128e-68
     24      14      10     3.696799044e-41     8.872317706e-40
     25      14      11     1.483858535e-33     3.709646338e-32
     26      14      12     1.456455342e-16     3.786783890e-15
     27      14      13     4.428154158e-13     1.195601623e-11
     28      14      14     5.562841200e-05     1.557595536e-03
     29      14      15     3.143880485e-07     9.117253406e-06
     30      14      16     6.210666132e-07     1.863199840e-05
     26      15      11     8.565945148e-48     2.227145738e-46
     27      15      12     1.784404861e-24     4.817893124e-23
     28      15      13     3.763420177e-21     1.053757650e-19
     29      15      14     4.125415931e-12     1.196370620e-10
     30      15      15     7.532177645e-08     2.259653294e-06
     31      15      16     1.184722332e-06     3.672639230e-05
     27      16      11     3.570864022e-58     9.641332859e-57
     28      16      12     4.995925293e-38     1.398859082e-36
     29      16      13     1.158485427e-29     3.359607737e-28
     30      16      14     1.554548469e-20     4.663645406e-19
     31      16      15     5.178133503e-15     1.605221386e-13
     32      16      16     2.739558621e-05     8.766587587e-04
     33      16      17     2.170148691e-06     7.161490681e-05
     34      16      18     5.084827208e-07     1.728841251e-05
     35      16      19     1.107509679e-13     3.876283877e-12
     36      16      20     1.219262357e-16     4.389344486e-15
     31      17      14     2.638538702e-32     8.179469977e-31
     32      17      15     8.822643354e-26     2.823245873e-24
     33      17      16     2.036877435e-13     6.721695535e-12
     34      17      17     2.697077143e-14     9.170062286e-13
     35      17      18     2.340590305e-06     8.192066067e-05
     36      17      19     6.222569032e-11     2.240124852e-09
     37      17      20     1.240695822e-11     4.590574543e-10
     31      18      13     8.108102678e-77     2.513511830e-75
     32      18      14     8.014974194e-47     2.564791742e-45
     33      18      15     2.697282494e-36     8.901032229e-35
     34      18      16     4.946728615e-22     1.681887729e-20
     35      18      17     6.583343857e-22     2.304170350e-20
     36      18      18     5.017134437e-06     1.806168397e-04
     37      18      19     1.095696307e-07     4.054076335e-06
     38      18      20     2.010821024e-07     7.641119890e-06
     39      18      21     1.589273679e-14     6.198167347e-13
     40      18      22     6.955890246e-18     2.782356098e-16
     35      19      16     1.235060802e-37     4.322712809e-36
     36      19      17     3.653455456e-32     1.315243964e-30
     37      19      18     1.541313970e-13     5.702861689e-12
     38      19      19     1.227894345e-07     4.665998513e-06
     39      19      20     3.497004047e-06     1.363831578e-04
     40      19      21     8.278496668e-13     3.311398667e-11
     41      19      22     7.182434516e-16     2.944798152e-14
     35      20      15     4.814638814e-97     1.685123585e-95
     36      20      16     8.602543542e-49     3.096915675e-47
     37      20      17     4.331735522e-43     1.602742143e-41
     38      20      18     4.335184449e-23     1.647370091e-21
     39      20      19     1.348709849e-16     5.259968412e-15
     40      20      20     6.405006507e-06     2.562002603e-04
     41      20      21     1.341556935e-09     5.500383435e-08
     42      20      22     1.248060804e-08     5.241855377e-07
     43      20      23     1.485536392e-09     6.387806485e-08
     44      20      24     1.380986085e-13     6.076338773e-12
     40      21      19     1.179591789e-28     4.718367156e-27
     41      21      20     2.104738020e-17     8.629425884e-16
     42      21      21     2.494199731e-19     1.047563887e-17
     43      21      22     6.027387493e-08     2.591776622e-06
     44      21      23     5.838912660e-12     2.569121570e-10
     45      21      24     2.437720031e-11     1.096974014e-09
     39      22      17     0.000000000e+00     0.000000000e+00
     40      22      18     4.939805412e-70     1.975922165e-68
     41      22      19     4.535974833e-40     1.859749681e-38
     42      22      20     6.053708118e-28     2.542557410e-26
     43      22      21     3.810915443e-29     1.638693640e-27
     44      22      22     5.693154160e-07     2.504987830e-05
     45      22      23     7.817899480e-10     3.518054766e-08
     46      22      24     1.012254084e-07     4.656368786e-06
     47      22      25     7.784292512e-08     3.658617481e-06
     48      22      26     2.698799359e-13     1.295423692e-11
     49      22      27     2.429069252e-14     1.190243933e-12
     50      22      28     1.639859984e-22     8.199299919e-21
     43      23      20     1.047756971e-43     4.505354977e-42
     44      23      21     2.440424962e-40     1.073786983e-38
     45      23      22     1.009298298e-17     4.541842343e-16
     46      23      23     1.764053189e-20     8.114644669e-19
     47      23      24     4.090164206e-07     1.922377177e-05
     48      23      25     1.887595096e-09     9.060456462e-08
     49      23      26     3.907221615e-09     1.914538591e-07
     50      23      27     1.053302826e-15     5.266514130e-14
     51      23      28     1.152941651e-11     5.880002419e-10
     43      24      19     0.000000000e+00     0.000000000e+00
     44      24      20     9.761693284e-56     4.295145045e-54
     45      24      21     6.084546290e-52     2.738045830e-50
     46      24      22     8.216857976e-30     3.779754669e-28
     47      24      23     1.797069502e-30     8.446226657e-29
     48      24      24     3.910102750e-07     1.876849320e-05
     49      24      25     2.710316628e-08     1.328055148e-06
     50      24      26     2.271470117e-07     1.135735058e-05
     51      24      27     1.562293070e-07     7.967694656e-06
     52      24      28     7.758946579e-12     4.034652221e-10
     53      24      29     3.346719095e-17     1.773761120e-15
     54      24      30     1.588457124e-20     8.577668469e-19
     46      25      21     1.259331909e-65     5.792926783e-64
     47      25      22     6.855377470e-45     3.222027411e-43
     48      25      23     2.040506251e-42     9.794430007e-41
     49      25      24     6.685461552e-19     3.275876160e-17
     50      25      25     3.243332479e-20     1.621666240e-18
     51      25      26     1.187538626e-06     6.056446992e-05
     52      25      27     2.133572122e-08     1.109457503e-06
     53      25      28     8.587096945e-09     4.551161381e-07
     54      25      29     1.407561495e-15     7.600832071e-14
     55      25      30     8.500459627e-15     4.675252795e-13
     46      26      20     0.000000000e+00     0.000000000e+00
     47      26      21     1.922496603e-79     9.035734032e-78
     48      26      22     2.704842346e-58     1.298324326e-56
     49      26      23     2.206195843e-55     1.081035963e-53
     50      26      24     1.876523212e-31     9.382616059e-30
     51      26      25     1.885575575e-32     9.616435433e-31
     52      26      26     1.829358854e-06     9.512666040e-05
     53      26      27     9.021992137e-09     4.781655833e-07
     54      26      28     1.173264541e-07     6.335628521e-06
     55      26      29     4.225834897e-09     2.324209193e-07
     56      26      30     4.843535524e-13     2.712379893e-11
     57      26      31     4.538339862e-17     2.586853721e-15
     58      26      32     1.904337909e-21     1.104515987e-19
     50      27      23     5.252904832e-69     2.626452416e-67
     51      27      24     9.648920768e-52     4.920949591e-50
     52      27      25     4.792390189e-45     2.492042898e-43
     53      27      26     8.167170040e-20     4.328600121e-18
     54      27      27     9.395255915e-22     5.073438194e-20
     55      27      28     7.696652155e-07     4.233158685e-05
     56      27      29     1.622073228e-08     9.083610079e-07
     57      27      30     3.975749416e-12     2.266177167e-10
     58      27      31     1.851241637e-18     1.073720150e-16
     59      27      32     5.854691936e-16     3.454268242e-14
     50      28      22     0.000000000e+00     0.000000000e+00
     51      28      23     2.433236705e-85     1.240950719e-83
     52      28      24     1.634576090e-65     8.499795667e-64
     53      28      25     8.055112696e-58     4.269209729e-56
     54      28      26     1.836053990e-33     9.914691544e-32
     55      28      27     4.307910404e-35     2.369350722e-33
     56      28      28     2.464950849e-05     1.380372476e-03
     57      28      29     3.394701320e-10     1.934979752e-08
     58      28      30     1.534434847e-10     8.899722112e-09
     59      28      31     5.541565316e-09     3.269523536e-07
     60      28      32     5.304718028e-06     3.182830817e-04
     61      28      33     8.377255636e-10     5.110125938e-08
     62      28      34     5.525363897e-11     3.425725616e-09
     63      28      35     2.051254289e-19     1.292290202e-17
     64      28      36     2.645097942e-18     1.692862683e-16
     56      29      27     1.479932053e-43     8.287619497e-42
     57      29      28     2.130437289e-18     1.214349255e-16
     58      29      29     8.079529456e-23     4.686127084e-21
     59      29      30     9.012586522e-11     5.317426048e-09
     60      29      31     2.984432734e-05     1.790659641e-03
     61      29      32     3.802587769e-08     2.319578539e-06
     62      29      33     1.685633933e-10     1.045093038e-08
     63      29      34     8.335930603e-09     5.251636280e-07
     64      29      35     7.221304162e-16     4.621634664e-14
     65      29      36     1.871720751e-12     1.216618488e-10
     55      30      25     0.000000000e+00     0.000000000e+00
     56      30      26     3.405878190e-43     1.907291786e-41
     57      30      27     1.122237989e-57     6.396756536e-56
     58      30      28     3.692356841e-32     2.141566968e-30
     59      30      29     2.678663942e-36     1.580411726e-34
     60      30      30     3.604888618e-06     2.162933171e-04
     61      30      31     9.000269275e-10     5.490164258e-08
     62      30      32     2.148714761e-08     1.332203152e-06
     63      30      33     5.797498287e-08     3.652423921e-06
     64      30      34     1.534850717e-04     9.823044588e-03
     65      30      35     2.333486723e-07     1.516766370e-05
     66      30      36     8.665845320e-11     5.719457911e-09
     67      30      37     4.700957820e-11     3.149641739e-09
     68      30      38     1.693551558e-10     1.151615060e-08
     69      30      39     1.612339401e-19     1.112514187e-17
     70      30      40     7.295891388e-20     5.107123972e-18
     60      31      29     1.755732261e-45     1.053439357e-43
     61      31      30     3.554954030e-20     2.168521958e-18
     62      31      31     8.151728775e-24     5.054071841e-22
     63      31      32     2.595836275e-12     1.635376853e-10
     64      31      33     3.532122290e-05     2.260558266e-03
     65      31      34     5.740383634e-07     3.731249362e-05
     66      31      35     1.685937969e-08     1.112719059e-06
     67      31      36     8.183474414e-08     5.482927858e-06
     68      31      37     5.589150080e-09     3.800622054e-07
     69      31      38     4.308730109e-09     2.973023775e-07
     70      31      39     8.670087289e-17     6.069061102e-15
     71      31      40     3.660628472e-15     2.599046215e-13
     72      31      41     3.370616264e-23     2.426843710e-21
     59      32      27     8.872247463e-29     5.234626003e-27
     60      32      28     7.594905255e-45     4.556943153e-43
     61      32      29     4.429566941e-60     2.702035834e-58
     62      32      30     2.164051655e-34     1.341712026e-32
     63      32      31     1.992362496e-37     1.255188373e-35
     64      32      32     9.775756904e-07     6.256484418e-05
     65      32      33     1.973903506e-11     1.283037279e-09
     66      32      34     3.939159576e-07     2.599845320e-05
     67      32      35     2.692522114e-07     1.803989816e-05
     68      32      36     6.557276705e-04     4.458948159e-02
     69      32      37     3.576022659e-06     2.467455635e-04
     70      32      38     2.829013861e-08     1.980309703e-06
     71      32      39     2.861147783e-11     2.031414926e-09
     72      32      40     3.028430805e-10     2.180470179e-08
     73      32      41     1.892072785e-12     1.381213133e-10
     74      32      42     9.125163194e-19     6.752620764e-17
     75      32      43     9.594902143e-27     7.196176607e-25
     76      32      44     8.036835904e-23     6.107995287e-21
     64      33      31     7.626170076e-55     4.880748849e-53
     65      33      32     2.971300779e-23     1.931345506e-21
     66      33      33     5.960866295e-27     3.934171755e-25
     67      33      34     1.405009375e-10     9.413562815e-09
     68      33      35     1.061194070e-04     7.216119673e-03
     69      33      36     8.685219167e-06     5.992801225e-04
     70      33      37     4.958326036e-07     3.470828225e-05
     71      33      38     3.271388941e-08     2.322686148e-06
     72      33      39     2.057199384e-07     1.481183556e-05
     73      33      40     1.083432590e-07     7.909057904e-06
     74      33      41     8.664043909e-15     6.411392493e-13
     75      33      42     1.071030784e-12     8.032730879e-11
     76      33      43     3.572236219e-20     2.714899526e-18
     77      33      44     1.210464693e-26     9.320578135e-25
     65      34      31     2.340571161e-54     1.521371254e-52
     66      34      32     2.564778712e-36     1.692753950e-34
     67      34      33     1.385265269e-42     9.281277300e-41
     68      34      34     6.992765141e-08     4.755080296e-06
     69      34      35     8.227984146e-11     5.677309061e-09
     70      34      36     3.520065439e-06     2.464045808e-04
     71      34      37     1.423067568e-08     1.010377973e-06
     72      34      38     5.901986723e-04     4.249430440e-02
     73      34      39     1.390685110e-05     1.015200130e-03
     74      34      40     1.731243033e-07     1.281119845e-05
     75      34      41     9.035309203e-08     6.776481902e-06
     76      34      42     4.764934783e-09     3.621350435e-07
     77      34      43     4.136697008e-10     3.185256696e-08
     78      34      44     6.534166838e-14     5.096650133e-12
     79      34      45     1.115955203e-21     8.816046104e-20
     80      34      46     8.965938513e-19     7.172750810e-17
     81      34      47     4.181747577e-27     3.387215538e-25
     82      34      48     1.158852356e-29     9.502589323e-28
     70      35      35     4.771611056e-27     3.340127739e-25
     71      35      36     1.023442961e-15     7.266445020e-14
     72      35      37     1.053967159e-05     7.588563543e-04
     73      35      38     3.888839903e-06     2.838853129e-04
     74      35      39     1.348090255e-06     9.975867890e-05
     75      35      40     2.618418207e-06     1.963813655e-04
     76      35      41     1.805698651e-06     1.372330975e-04
     77      35      42     6.681435115e-07     5.144705039e-05
     78      35      43     7.545026374e-14     5.885120571e-12
     79      35      44     1.289539943e-09     1.018736555e-07
     80      35      45     4.877090085e-17     3.901672068e-15
     81      35      46     5.792677582e-19     4.692068841e-17
     82      35      47     7.247808441e-27     5.943202922e-25
     83      35      48     2.318910144e-33     1.924695420e-31
     67      36      31     7.353915745e-71     4.927123549e-69
     68      36      32     1.182976791e-39     8.044242177e-38
     69      36      33     3.001713506e-22     2.071182319e-20
     70      36      34     8.699883704e-38     6.089918593e-36
     71      36      35     2.307243562e-43     1.638142929e-41
     72      36      36     5.120707103e-12     3.686909114e-10
     73      36      37     1.151021374e-10     8.402456030e-09
     74      36      38     2.369899975e-06     1.753725982e-04
     75      36      39     1.083126351e-06     8.123447632e-05
     76      36      40     3.218159375e-04     2.445801125e-02
     77      36      41     1.404990548e-05     1.081842722e-03
     78      36      42     1.121722835e-06     8.749438111e-05
     79      36      43     1.214107551e-06     9.591449653e-05
     80      36      44     8.278979498e-06     6.623183599e-04
     81      36      45     4.088799837e-08     3.311927868e-06
     82      36      46     3.940179890e-09     3.230947510e-07
     83      36      47     1.237382631e-14     1.027027584e-12
     84      36      48     6.824253055e-21     5.732372566e-19
     85      36      49     4.519396210e-29     3.841486778e-27
     86      36      50     6.305920436e-28     5.423091575e-26
     74      37      37     1.657144038e-27     1.226286588e-25
     75      37      38     1.795438752e-13     1.346579064e-11
     76      37      39     4.818758253e-08     3.662256272e-06
     77      37      40     4.400055209e-06     3.388042511e-04
     78      37      41     4.728573686e-06     3.688287475e-04
     79      37      42     6.857328308e-06     5.417289364e-04
     80      37      43     9.830328078e-07     7.864262463e-05
     81      37      44     4.508564114e-06     3.651936932e-04
     82      37      45     1.267305765e-09     1.039190727e-07
     83      37      46     8.173232701e-10     6.783783141e-08
     84      37      47     8.355630636e-17     7.018729734e-15
     85      37      48     8.380154833e-12     7.123131608e-10
     86      37      49     9.609293020e-20     8.263991997e-18
     87      37      50     1.306217444e-26     1.136409177e-24
     88      37      51     2.328327087e-34     2.048927836e-32
     89      37      52     3.296173389e-41     2.933594316e-39
     72      38      34     3.110128661e-48     2.239292636e-46
     73      38      35     2.562498974e-56     1.870624251e-54
     74      38      36     3.584205105e-75     2.652311777e-73
     75      38      37     2.008737975e-44     1.506553481e-42
     76      38      38     1.914792340e-20     1.455242178e-18
     77      38      39     6.727702920e-20     5.180331249e-18
     78      38      40     7.926081708e-07     6.182343732e-05
     79      38      41     8.045835689e-07     6.356210194e-05
     80      38      42     1.868705970e-04     1.494964776e-02
     81      38      43     2.048174022e-05     1.659020958e-03
     82      38      44     3.759592506e-05     3.082865855e-03
     83      38      45     5.513697942e-07     4.576369292e-05
     84      38      46     1.095409204e-06     9.201437311e-05
     85      38      47     4.052886746e-07     3.444953734e-05
     86      38      48     3.560245775e-09     3.061811366e-07
     87      38      49     9.665687699e-11     8.409148298e-09
     88      38      50     2.057850493e-16     1.810908434e-14
     89      38      51     3.529371243e-26     3.141140407e-24
     90      38      52     3.368425646e-34     3.031583081e-32
     91      38      53     8.401487053e-42     7.645353218e-40
     77      39      38     5.239522159e-39     4.034432063e-37
     78      39      39     2.866200851e-37     2.235636664e-35
     79      39      40     5.242290540e-15     4.141409527e-13
     80      39      41     4.266848260e-09     3.413478608e-07
     81      39      42     2.298136418e-07     1.861490498e-05
     82      39      43     4.517151272e-10     3.704064043e-08
     83      39      44     5.412126872e-07     4.492065304e-05
     84      39      45     1.460307080e-05     1.226657947e-03
     85      39      46     2.155879089e-05     1.832497225e-03
     86      39      47     1.393405071e-06     1.198328361e-04
     87      39      48     2.220002760e-07     1.931402401e-05
     88      39      49     2.054042365e-11     1.807557281e-09
     89      39      50     3.000608613e-10     2.670541666e-08
     90      39      51     4.114033833e-19     3.702630450e-17
     91      39      52     8.014443473e-26     7.293143560e-24
     92      39      53     9.082227237e-33     8.355649058e-31
     93      39      54     5.051418068e-39     4.697818803e-37
     94      39      55     8.331599842e-46     7.831703851e-44
     76      40      36     2.582900501e-59     1.963004381e-57
     77      40      37     5.921948244e-75     4.559900148e-73
     78      40      38     2.769439870e-62     2.160163098e-60
     79      40      39     1.037249082e-54     8.194267750e-53
     80      40      40     7.437465594e-30     5.949972475e-28
     81      40      41     2.876411026e-24     2.329892931e-22
     82      40      42     1.289836452e-09     1.057665890e-07
     83      40      43     3.718188239e-10     3.086096238e-08
     84      40      44     6.584443825e-05     5.530932813e-03
     85      40      45     2.278240780e-05     1.936504663e-03
     86      40      46     3.365410526e-04     2.894253053e-02
     87      40      47     6.464619647e-06     5.624219093e-04
     88      40      48     1.176354047e-06     1.035191561e-04
     89      40      49     6.396066444e-07     5.692499135e-05
     90      40      50     1.336776510e-09     1.203098859e-07
     91      40      51     9.857592326e-15     8.970409017e-13
     92      40      52     2.823146074e-21     2.597294388e-19
     93      40      53     7.890740625e-29     7.338388782e-27
     94      40      54     4.096896659e-35     3.851082859e-33
     95      40      55     1.767989304e-42     1.679589839e-40
     82      41      41     2.980645601e-42     2.444129393e-40
     83      41      42     5.400022597e-26     4.482018755e-24
     84      41      43     3.968902766e-18     3.333878323e-16
     85      41      44     7.964598058e-12     6.769908349e-10
     86      41      45     9.468279424e-06     8.142720304e-04
     87      41      46     2.042643801e-06     1.777100107e-04
     88      41      47     4.984000875e-06     4.385920770e-04
     89      41      48     2.002006431e-05     1.781785723e-03
     90      41      49     4.209635404e-07     3.788671864e-05
     91      41      50     1.566330479e-06     1.425360736e-04
     92      41      51     3.143213722e-15     2.891756625e-13
     93      41      52     7.110846057e-16     6.613086833e-14
     94      41      53     1.885862729e-23     1.772710965e-21
     95      41      54     3.925701886e-28     3.729416791e-26
     96      41      55     1.473175964e-34     1.414248926e-32
     97      41      56     1.384599991e-40     1.343061991e-38
     80      42      38     1.832936351e-68     1.466349081e-66
     81      42      39     2.405949524e-46     1.948819114e-44
     82      42      40     1.748940566e-61     1.434131264e-59
     83      42      41     3.056496685e-61     2.536892249e-59
     84      42      42     1.284668070e-42     1.079121179e-40
     85      42      43     1.917244834e-34     1.629658109e-32
     86      42      44     1.780460640e-11     1.531196151e-09
     87      42      45     1.994802237e-15     1.735477946e-13
     88      42      46     6.030749892e-06     5.307059905e-04
     89      42      47     1.727700638e-06     1.537653568e-04
     90      42      48     2.544132575e-05     2.289719317e-03
     91      42      49     6.113821808e-06     5.563577845e-04
     92      42      50     4.554871360e-06     4.190481651e-04
     93      42      51     6.178408772e-07     5.745920158e-05
     94      42      52     5.026462604e-08     4.724874848e-06
     95      42      53     6.167192149e-10     5.858832541e-08
     96      42      54     7.601840295e-17     7.297766683e-15
     97      42      55     8.661867831e-22     8.402011796e-20
     98      42      56     6.268662433e-27     6.143289185e-25
     86      43      43     1.174452514e-53     1.010029162e-51
     87      43      44     9.425396089e-29     8.200094597e-27
     88      43      45     6.735483102e-27     5.927225130e-25
     89      43      46     6.870177567e-16     6.114458035e-14
     90      43      47     3.112437976e-17     2.801194179e-15
     91      43      48     1.573689163e-06     1.432057139e-04
     92      43      49     3.965338205e-06     3.648111149e-04
     93      43      50     2.210467828e-05     2.055735080e-03
     94      43      51     6.034356129e-06     5.672294762e-04
     95      43      52     3.533543744e-07     3.356866557e-05
     96      43      53     9.254783075e-14     8.884591752e-12
     97      43      54     1.271139817e-09     1.233005623e-07
     98      43      55     6.625782928e-17     6.493267269e-15
     99      43      56     6.267304650e-23     6.204631603e-21
     86      44      42     0.000000000e+00     0.000000000e+00
     87      44      43     1.076837682e-77     9.368487836e-76
     88      44      44     1.055777292e-46     9.290840171e-45
     89      44      45     2.129077108e-44     1.894878626e-42
     90      44      46     9.087804651e-17     8.179024186e-15
     91      44      47     5.452618670e-22     4.961882990e-20
     92      44      48     2.313610653e-06     2.128521801e-04
     93      44      49     9.774451354e-08     9.090239759e-06
     94      44      50     6.697182859e-05     6.295351887e-03
     95      44      51     1.021348415e-05     9.702809946e-04
     96      44      52     5.223054318e-06     5.014132145e-04
     97      44      53     2.487623754e-06     2.412995041e-04
     98      44      54     2.321383243e-05     2.274955578e-03
     99      44      55     1.011086238e-09     1.000975376e-07
    100      44      56     1.029982992e-10     1.029982992e-08
    101      44      57     1.021671445e-13     1.031888159e-11
     89      45      44     1.062692993e-70     9.457967638e-69
     90      45      45     8.140241553e-65     7.326217397e-63
     91      45      46     8.476103529e-35     7.713254211e-33
     92      45      47     6.954272721e-33     6.397930904e-31
     93      45      48     2.064950566e-16     1.920404027e-14
     94      45      49     5.304703722e-07     4.986421499e-05
     95      45      50     5.107675023e-06     4.852291272e-04
     96      45      51     1.072032658e-05     1.029151351e-03
     97      45      52     2.137732756e-05     2.073600773e-03
     98      45      53     7.061153233e-05     6.919930169e-03
     99      45      54     1.036679808e-05     1.026313010e-03
    100      45      55     6.335619114e-08     6.335619114e-06
    101      45      56     1.061002082e-07     1.071612103e-05
    102      45      57     8.492573470e-15     8.662424939e-13
    103      45      58     6.574005095e-10     6.771225247e-08
     88      46      42     5.295312707e-76     4.659875182e-74
     89      46      43     7.096607830e-92     6.315980969e-90
     90      46      44     6.621378783e-92     5.959240905e-90
     91      46      45     1.811974076e-88     1.648896409e-86
     92      46      46     1.681538927e-53     1.547015813e-51
     93      46      47     2.615881481e-51     2.432769777e-49
     94      46      48     1.492985209e-18     1.403406096e-16
     95      46      49     1.402726899e-24     1.332590554e-22
     96      46      50     1.071586331e-06     1.028722878e-04
     97      46      51     5.406893691e-06     5.244686881e-04
     98      46      52     3.015278362e-04     2.954972794e-02
     99      46      53     5.319824516e-05     5.266626271e-03
    100      46      54     9.635240994e-05     9.635240994e-03
    101      46      55     2.194851900e-05     2.216800419e-03
    102      46      56     2.548179746e-05     2.599143341e-03
    103      46      57     9.026759681e-06     9.297562471e-04
    104      46      58     3.565593267e-06     3.708216998e-04
    105      46      59     2.663707203e-09     2.796892564e-07
     93      47      46     3.508380834e-84     3.262794176e-82
     94      47      47     1.315089425e-68     1.236184059e-66
     95      47      48     4.414268216e-37     4.193554805e-35
     96      47      49     2.319910606e-29     2.227114182e-27
     97      47      50     8.093491234e-11     7.850686497e-09
     98      47      51     4.241403860e-07     4.156575782e-05
     99      47      52     5.042739006e-06     4.992311616e-04
    100      47      53     1.069903437e-05     1.069903437e-03
    101      47      54     4.832365672e-05     4.880689329e-03
    102      47      55     9.633453016e-05     9.826122077e-03
    103      47      56     2.175054150e-04     2.240305775e-02
    104      47      57     1.092587438e-04     1.136290936e-02
    105      47      58     8.035796191e-05     8.437586001e-03
    106      47      59     1.835061740e-11     1.945165444e-09
    107      47      60     6.550144711e-08     7.008654841e-06
    108      47      61     1.422775076e-15     1.536597083e-13
    109      47      62     9.157213721e-15     9.981362956e-13
     92      48      44     2.729482282e-76     2.511123699e-74
     93      48      45     1.873087243e-92     1.741971136e-90
     94      48      46     5.812125486e-69     5.463397957e-67
     95      48      47     5.374631427e-84     5.105899856e-82
     96      48      48     2.787168696e-56     2.675681948e-54
     97      48      49     4.018663562e-48     3.898103656e-46
     98      48      50     2.186492261e-18     2.142762416e-16
     99      48      51     1.632435972e-13     1.616111613e-11
    100      48      52     1.194086281e-07     1.194086281e-05
    101      48      53     1.380272044e-06     1.394074764e-04
    102      48      54     7.543174775e-05     7.694038271e-03
    103      48      55     2.645259575e-04     2.724617362e-02
    104      48      56     1.608274278e-03     1.672605249e-01
    105      48      57     1.403791287e-03     1.473980852e-01
    106      48      58     7.673258666e-04     8.133654186e-02
    107      48      59     1.121642382e-05     1.200157348e-03
    108      48      60     6.976279450e-08     7.534381806e-06
    109      48      61     3.150797947e-09     3.434369762e-07
    110      48      62     4.740939855e-11     5.215033840e-09
     98      49      49     8.882095540e-69     8.704453629e-67
     99      49      50     3.353660820e-37     3.320124212e-35
    100      49      51     2.301800828e-26     2.301800828e-24
    101      49      52     5.660786122e-14     5.717393983e-12
    102      49      53     1.861598524e-10     1.898830494e-08
    103      49      54     3.009801843e-06     3.100095898e-04
    104      49      55     9.484331439e-05     9.863704697e-03
    105      49      56     8.352990896e-04     8.770640441e-02
    106      49      57     8.488924909e-04     8.998260403e-02
    107      49      58     9.130879993e-05     9.770041593e-03
    108      49      59     1.249732909e-06     1.349711542e-04
    109      49      60     2.675011951e-07     2.915763027e-05
    110      49      61     5.112970608e-09     5.624267669e-07
    111      49      62     1.383924866e-08     1.536156602e-06
    112      49      63     6.248247203e-15     6.998036867e-13
    113      49      64     8.851116559e-15     1.000176171e-12
    114      49      65     5.971830368e-23     6.807886619e-21
    115      49      66     2.577018323e-27     2.963571071e-25
    116      49      67     7.129937275e-37     8.270727239e-35
    117      49      68     7.097569161e-37     8.304155919e-35
     96      50      46     1.457183707e-77     1.398896359e-75
     97      50      47     3.720625304e-53     3.609006545e-51
     98      50      48     2.510621394e-69     2.460408966e-67
     99      50      49     1.261649138e-84     1.249032647e-82
    100      50      50     1.011273768e-58     1.011273768e-56
    101      50      51     1.248386238e-45     1.260870100e-43
    102      50      52     8.015403809e-33     8.175711885e-31
    103      50      53     3.269717157e-22     3.367808671e-20
    104      50      54     2.978228866e-10     3.097358021e-08
    105      50      55     8.911053235e-08     9.356605897e-06
    106      50      56     8.680649737e-05     9.201488721e-03
    107      50      57     1.652453760e-05     1.768125524e-03
    108      50      58     1.763035307e-06     1.904078132e-04
    109      50      59     7.557560146e-07     8.237740559e-05
    110      50      60     2.368834928e-07     2.605718420e-05
    111      50      61     1.060578202e-07     1.177241804e-05
    112      50      62     5.535889946e-08     6.200196739e-06
    113      50      63     5.559223084e-10     6.281922085e-08
    114      50      64     1.571269704e-10     1.791247462e-08
    115      50      65     4.962426630e-11     5.706790624e-09
    116      50      66     4.909619192e-12     5.695158262e-10
    117      50      67     7.485348845e-14     8.757858149e-12
    118      50      68     5.959585664e-16     7.032311083e-14
    119      50      69     2.309749443e-19     2.748601838e-17
    120      50      70     5.772551662e-24     6.927061995e-22
    121      50      71     4.661192564e-32     5.640043002e-30
    122      50      72     6.128401360e-32     7.476649659e-30
    124      50      74     4.500396685e-39     5.580491890e-37
    104      51      53     1.717052950e-44     1.785735068e-42
    105      51      54     7.451339638e-32     7.823906620e-30
    106      51      55     3.661750847e-28     3.881455898e-26
    107      51      56     2.521497214e-24     2.698002019e-22
    108      51      57     9.839406301e-25     1.062655880e-22
    109      51      58     5.856824869e-15     6.383939107e-13
    110      51      59     3.216266997e-13     3.537893696e-11
    111      51      60     1.650703892e-09     1.832281320e-07
    112      51      61     2.543728417e-09     2.848975827e-07
    113      51      62     6.374771298e-10     7.203491567e-08
    114      51      63     1.362025719e-10     1.552709319e-08
    115      51      64     5.833585901e-10     6.708623786e-08
    116      51      65     2.914791222e-11     3.381157818e-09
    117      51      66     6.068790164e-12     7.100484492e-10
    118      51      67     1.208889397e-15     1.426489489e-13
    119      51      68     3.328472113e-16     3.960881815e-14
    120      51      69     2.081682101e-23     2.498018521e-21
    121      51      70     6.391207760e-20     7.733361390e-18
    122      51      71     2.567588865e-27     3.132458415e-25
    123      51      72     2.330249854e-29     2.866207320e-27
    124      51      73     7.640061585e-35     9.473676365e-33
    125      51      74     2.007875554e-33     2.509844443e-31
    104      52      52     0.000000000e+00     0.000000000e+00
    105      52      53     2.800165560e-70     2.940173838e-68
    106      52      54     9.262228630e-57     9.817962347e-55
    107      52      55     5.992353769e-51     6.411818532e-49
    108      52      56     5.155540418e-44     5.567983651e-42
    109      52      57     2.063656718e-44     2.249385822e-42
    110      52      58     1.711394501e-15     1.882533951e-13
    111      52      59     4.849894116e-15     5.383382468e-13
    112      52      60     3.478416960e-09     3.895826996e-07
    113      52      61     4.195742422e-11     4.741188937e-09
    114      52      62     6.391788964e-10     7.286639419e-08
    115      52      63     5.851614532e-10     6.729356712e-08
    116      52      64     1.042203061e-09     1.208955551e-07
    117      52      65     1.085364667e-10     1.269876661e-08
    118      52      66     6.786202081e-12     8.007718455e-10
    119      52      67     1.468275240e-13     1.747247536e-11
    120      52      68     4.712747737e-15     5.655297284e-13
    121      52      69     8.826328103e-16     1.067985700e-13
    122      52      70     4.279190570e-15     5.220612495e-13
    123      52      71     4.022307680e-17     4.947438446e-15
    124      52      72     2.540021368e-21     3.149626497e-19
    125      52      73     5.275266931e-20     6.594083664e-18
    126      52      74     4.598114803e-22     5.793624652e-20
    127      52      75     6.896999772e-29     8.759189711e-27
    128      52      76     1.324222095e-22     1.695004282e-20
    129      52      77     1.178166378e-29     1.519834628e-27
    130      52      78     9.238589539e-29     1.201016640e-26
    108      53      55     2.074903879e-74     2.240896189e-72
    109      53      56     6.897222438e-70     7.517972457e-68
    110      53      57     8.716808201e-67     9.588489021e-65
    111      53      58     2.642738897e-36     2.933440176e-34
    112      53      59     1.201018288e-35     1.345140483e-33
    113      53      60     1.472956479e-29     1.664440822e-27
    114      53      61     1.237354375e-24     1.410583987e-22
    115      53      62     1.837463714e-11     2.113083271e-09
    116      53      63     1.731740735e-13     2.008819252e-11
    117      53      64     1.623937211e-11     1.900006537e-09
    118      53      65     2.290832811e-11     2.703182718e-09
    119      53      66     7.743312772e-13     9.214542199e-11
    120      53      67     1.264528151e-13     1.517433781e-11
    121      53      68     3.706847375e-14     4.485285324e-12
    122      53      69     4.233205475e-15     5.164510680e-13
    123      53      70     1.078789953e-14     1.326911643e-12
    124      53      71     2.441157721e-18     3.027035574e-16
    125      53      72     1.537335755e-15     1.921669694e-13
    126      53      73     2.760812011e-18     3.478623134e-16
    127      53      74     1.664116047e-16     2.113427380e-14
    128      53      75     7.370356611e-21     9.434056463e-19
    129      53      76     1.730896465e-21     2.232856440e-19
    130      53      77     1.280724979e-26     1.664942472e-24
    131      53      78     2.802036966e-22     3.670668426e-20
    108      54      54     0.000000000e+00     0.000000000e+00
    109      54      55     3.782295004e-96     4.122701554e-94
    110      54      56     2.684691102e-91     2.953160212e-89
    111      54      57     7.143501103e-88     7.929286224e-86
    112      54      58     4.257559514e-57     4.768466655e-55
    113      54      59     3.212457834e-55     3.630077353e-53
    114      54      60     4.654822304e-24     5.306497427e-22
    115      54      61     1.228017466e-17     1.412220086e-15
    116      54      62     3.337900026e-12     3.871964031e-10
    117      54      63     4.263007856e-13     4.987719192e-11
    118      54      64     8.250853761e-12     9.736007438e-10
    119      54      65     5.370427566e-13     6.390808803e-11
    120      54      66     8.374657943e-13     1.004958953e-10
    121      54      67     2.435416196e-13     2.946853598e-11
    122      54      68     1.763408417e-12     2.151358269e-10
    123      54      69     2.271048742e-13     2.793389952e-11
    124      54      70     2.222004975e-12     2.755286168e-10
    125      54      71     2.671979158e-13     3.339973948e-11
    126      54      72     1.606680505e-12     2.024417436e-10
    127      54      73     1.499817149e-12     1.904767779e-10
    128      54      74     4.088283035e-12     5.233002285e-10
    129      54      75     2.123965317e-12     2.739915258e-10
    130      54      76     4.585343322e-12     5.960946319e-10
    131      54      77     4.391855070e-13     5.753330142e-11
    132      54      78     2.026497026e-12     2.674976074e-10
    133      54      79     1.392104802e-16     1.851499386e-14
    134      54      80     7.862836333e-13     1.053620069e-10
    135      54      81     4.818942722e-16     6.505572675e-14
    136      54      82     6.516436848e-13     8.862354114e-11
