  1 h   1         3.5600000000E-01
  1 h   2         0.0000000000E+00
  1 h   3         0.0000000000E+00
  2 he  3         5.6100000000E-05
  2 he  4         1.3700000000E-01
  3 li  6         3.4400000000E-10
  3 li  7         4.9100000000E-09
  4 be  7         0.0000000000E+00
  5 b   8         0.0000000000E+00
  4 be  9         7.5100000000E-11
  6 c   9         0.0000000000E+00
  5 b  10         5.0400000000E-10
  5 b  11         2.2600000000E-09
  6 c  11         0.0000000000E+00
  6 c  12         5.7400000000E-03
  7 n  12         0.0000000000E+00
  6 c  13         1.4200000000E-05
  7 n  13         0.0000000000E+00
  8 o  13         0.0000000000E+00
  7 n  14         4.0400000000E-04
  8 o  14         0.0000000000E+00
  7 n  15         1.5900000000E-06
  8 o  15         0.0000000000E+00
  8 o  16         2.5900000000E-01
  8 o  17         1.3700000000E-06
  9 f  17         0.0000000000E+00
  8 o  18         7.7200000000E-06
  9 f  18         0.0000000000E+00
 10 ne 18         0.0000000000E+00
  9 f  19         2.0800000000E-07
 10 ne 19         0.0000000000E+00
 10 ne 20         1.5700000000E-01
 11 na 20         0.0000000000E+00
 10 ne 21         2.9900000000E-03
 11 na 21         0.0000000000E+00
 12 mg 21         0.0000000000E+00
 10 ne 22         2.2200000000E-03
 11 na 22         0.0000000000E+00
 12 mg 22         0.0000000000E+00
 11 na 23         3.2200000000E-02
 12 mg 23         0.0000000000E+00
 13 al 23         0.0000000000E+00
 12 mg 24         2.7700000000E-02
 13 al 24         0.0000000000E+00
 12 mg 25         7.9400000000E-03
 13 al 25         0.0000000000E+00
 14 si 25         0.0000000000E+00
 12 mg 26         4.9800000000E-03
 14 si 26         0.0000000000E+00
 13 al 27         5.4300000000E-03
 14 si 27         0.0000000000E+00
 15 p  27         0.0000000000E+00
 14 si 28         3.5100000000E-04
 15 p  28         0.0000000000E+00
 14 si 29         1.8500000000E-05
 15 p  29         0.0000000000E+00
 16 s  29         0.0000000000E+00
 14 si 30         1.2600000000E-05
 15 p  30         0.0000000000E+00
 16 s  30         0.0000000000E+00
 15 p  31         3.5000000000E-06
 16 s  31         0.0000000000E+00
 17 cl 31         0.0000000000E+00
 16 s  32         1.7400000000E-04
 17 cl 32         0.0000000000E+00
 18 ar 32         0.0000000000E+00
 18 ar 33         1.4200000000E-06
 17 cl 33         0.0000000000E+00
 18 ar 33         0.0000000000E+00
 16 s  34         8.2300000000E-06
 17 cl 34         0.0000000000E+00
 18 ar 34         0.0000000000E+00
 16 s  35         0.0000000000E+00
 17 cl 35         1.8700000000E-06
 18 ar 35         0.0000000000E+00
 19 k  35         0.0000000000E+00
 16 s  36         3.5300000000E-08
 17 cl 36         0.0000000000E+00
 18 ar 36         3.8400000000E-05
 19 k  36         0.0000000000E+00
 20 ca 36         0.0000000000E+00
 17 cl 37         6.2900000000E-07
 18 ar 37         0.0000000000E+00
 19 k  37         0.0000000000E+00
 20 ca 37         0.0000000000E+00
 18 ar 38         7.4000000000E-06
 19 k  38         0.0000000000E+00
 20 ca 38         0.0000000000E+00
 18 ar 39         0.0000000000E+00
 19 k  39         1.8600000000E-06
 20 ca 39         0.0000000000E+00
 18 ar 40         1.2000000000E-08
 19 k  40         3.2700000000E-09
 20 ca 40         3.1900000000E-05
 21 sc 40         0.0000000000E+00
 19 k  41         1.4100000000E-07
 20 ca 41         0.0000000000E+00
 21 sc 41         0.0000000000E+00
 20 ca 42         2.2400000000E-07
 21 sc 42         0.0000000000E+00
 22 ti 42         0.0000000000E+00
 20 ca 43         4.8000000000E-08
 21 sc 43         0.0000000000E+00
 22 ti 43         0.0000000000E+00
 20 ca 44         7.5500000000E-07
 21 sc 44         0.0000000000E+00
 22 ti 44         0.0000000000E+00
 21 sc 45         2.1100000000E-08
 22 ti 45         0.0000000000E+00
 22 ti 46         1.2800000000E-07
 22 ti 47         1.1800000000E-07
 22 ti 48         1.1900000000E-06
