# time[s], T9[GK], density[g/cm^3], R[km], Ye, Le[erg/s], Lebar[erg/s], Te[MeV], Tebar[Mev]
#Nr: 122080
4.000000e-01 3.361924e+00 4.350630e+06 2.714224e+03 4.974947e-01 2.6350e+52 1.1738e+47 3.3709e+00 2.1047e+00
4.010000e-01 3.360464e+00 4.347397e+06 2.712905e+03 4.974962e-01 2.8315e+52 1.1869e+47 3.3970e+00 2.1185e+00
4.020000e-01 3.358979e+00 4.344097e+06 2.711573e+03 4.974980e-01 3.0931e+52 1.2033e+47 3.4209e+00 2.1322e+00
4.030000e-01 3.357474e+00 4.340741e+06 2.710227e+03 4.975000e-01 3.4254e+52 1.2172e+47 3.4420e+00 2.1477e+00
4.040000e-01 3.355953e+00 4.337339e+06 2.708867e+03 4.975023e-01 3.8278e+52 1.2332e+47 3.4616e+00 2.1629e+00
4.050000e-01 3.354422e+00 4.333901e+06 2.707494e+03 4.975048e-01 4.3201e+52 1.2467e+47 3.4832e+00 2.1793e+00
4.060000e-01 3.352886e+00 4.330440e+06 2.706106e+03 4.975076e-01 4.8459e+52 1.2595e+47 3.5112e+00 2.1967e+00
4.070000e-01 3.351350e+00 4.326969e+06 2.704705e+03 4.975107e-01 5.4518e+52 1.2712e+47 3.5311e+00 2.2151e+00
4.080000e-01 3.349821e+00 4.323504e+06 2.703289e+03 4.975140e-01 6.2459e+52 1.2771e+47 3.5396e+00 2.2380e+00
4.090000e-01 3.348146e+00 4.320058e+06 2.701858e+03 4.975175e-01 7.2355e+52 1.2492e+47 3.5510e+00 2.2679e+00
4.100000e-01 3.346372e+00 4.316646e+06 2.700414e+03 4.975213e-01 8.4110e+52 1.2346e+47 3.5591e+00 2.2911e+00
4.110000e-01 3.344606e+00 4.313281e+06 2.698954e+03 4.975253e-01 9.7297e+52 1.2308e+47 3.5883e+00 2.3209e+00
4.120000e-01 3.342852e+00 4.309974e+06 2.697480e+03 4.975296e-01 1.0897e+53 1.2318e+47 3.6487e+00 2.3535e+00
4.130000e-01 3.341087e+00 4.306740e+06 2.695991e+03 4.975342e-01 1.1626e+53 1.2356e+47 3.7383e+00 2.3874e+00
4.140000e-01 3.339378e+00 4.303606e+06 2.694487e+03 4.975390e-01 1.1506e+53 1.2366e+47 3.8475e+00 2.4309e+00
4.150000e-01 3.337791e+00 4.300616e+06 2.692968e+03 4.975441e-01 9.9282e+52 1.2655e+47 3.9594e+00 2.5207e+00
4.160000e-01 3.336348e+00 4.297796e+06 2.691434e+03 4.975495e-01 7.5801e+52 2.2385e+50 4.0070e+00 3.0578e+00
4.170000e-01 3.335059e+00 4.295152e+06 2.689885e+03 4.975552e-01 2.8096e+53 7.9832e+50 4.9873e+00 4.4036e+00
4.180000e-01 3.334412e+00 4.292280e+06 2.688322e+03 4.975539e-01 5.5475e+53 1.0502e+51 5.7792e+00 4.5039e+00
4.190000e-01 3.334209e+00 4.289423e+06 2.686745e+03 4.975479e-01 4.4790e+53 1.4323e+51 5.5961e+00 4.3326e+00
4.200000e-01 3.334088e+00 4.286864e+06 2.685154e+03 4.975422e-01 3.8600e+53 1.6503e+51 5.4118e+00 4.1229e+00
4.210000e-01 3.334036e+00 4.284579e+06 2.683551e+03 4.975368e-01 3.3992e+53 1.9992e+51 5.1582e+00 4.0698e+00
4.220000e-01 3.334036e+00 4.282539e+06 2.681934e+03 4.975316e-01 3.3006e+53 2.4249e+51 5.0592e+00 4.0153e+00
4.230000e-01 3.334075e+00 4.280717e+06 2.680304e+03 4.975268e-01 3.3452e+53 2.9736e+51 4.9094e+00 4.1588e+00
4.240000e-01 3.334139e+00 4.279088e+06 2.678662e+03 4.975224e-01 3.0766e+53 3.4548e+51 4.7420e+00 4.3526e+00
4.250000e-01 3.334214e+00 4.277626e+06 2.677008e+03 4.975182e-01 2.8030e+53 3.5601e+51 4.6283e+00 4.3827e+00
4.260000e-01 3.334287e+00 4.276307e+06 2.675341e+03 4.975144e-01 2.1548e+53 3.4566e+51 4.3625e+00 4.2707e+00
4.270000e-01 3.334346e+00 4.275108e+06 2.673662e+03 4.975109e-01 1.6803e+53 3.5579e+51 4.1039e+00 4.1588e+00
4.280000e-01 3.334376e+00 4.274006e+06 2.671970e+03 4.975078e-01 1.3686e+53 4.1171e+51 3.9198e+00 4.0689e+00
4.290000e-01 3.334345e+00 4.272984e+06 2.670267e+03 4.975050e-01 1.1807e+53 5.2270e+51 3.8107e+00 4.0415e+00
4.300000e-01 3.334253e+00 4.272021e+06 2.668550e+03 4.975026e-01 1.1361e+53 6.9505e+51 3.7453e+00 4.0908e+00
4.310000e-01 3.333884e+00 4.271103e+06 2.666822e+03 4.975005e-01 1.2713e+53 8.8371e+51 3.7845e+00 4.1460e+00
4.320000e-01 3.333472e+00 4.270213e+06 2.665080e+03 4.974989e-01 1.3923e+53 1.0946e+52 3.8060e+00 4.1795e+00
4.330000e-01 3.333007e+00 4.269338e+06 2.663326e+03 4.974976e-01 1.3285e+53 1.2507e+52 3.7641e+00 4.2110e+00
4.340000e-01 3.332486e+00 4.268463e+06 2.661558e+03 4.974967e-01 1.2029e+53 1.3606e+52 3.7182e+00 4.2442e+00
4.350000e-01 3.331913e+00 4.267576e+06 2.659777e+03 4.974962e-01 1.1478e+53 1.4668e+52 3.6460e+00 4.2130e+00
4.360000e-01 3.331289e+00 4.266667e+06 2.657983e+03 4.974961e-01 1.1243e+53 1.6170e+52 3.5787e+00 4.2359e+00
4.370000e-01 3.330615e+00 4.265724e+06 2.656174e+03 4.974964e-01 1.0687e+53 1.7418e+52 3.5569e+00 4.2902e+00
4.380000e-01 3.329896e+00 4.264739e+06 2.654351e+03 4.974971e-01 9.6924e+52 1.7721e+52 3.5325e+00 4.2970e+00
4.390000e-01 3.329133e+00 4.263706e+06 2.652514e+03 4.974982e-01 8.9309e+52 1.8442e+52 3.5025e+00 4.2597e+00
4.400000e-01 3.328331e+00 4.262617e+06 2.650661e+03 4.974997e-01 8.1356e+52 1.9392e+52 3.4429e+00 4.2359e+00
4.410000e-01 3.327492e+00 4.261470e+06 2.648794e+03 4.975016e-01 7.7183e+52 2.0048e+52 3.3952e+00 4.2476e+00
4.420000e-01 3.326623e+00 4.260261e+06 2.646912e+03 4.975039e-01 7.4138e+52 2.0620e+52 3.3695e+00 4.2424e+00
4.430000e-01 3.325707e+00 4.259002e+06 2.645014e+03 4.975067e-01 7.2469e+52 2.0616e+52 3.3601e+00 4.2257e+00
4.440000e-01 3.324533e+00 4.257717e+06 2.643100e+03 4.975098e-01 6.9918e+52 2.0836e+52 3.3647e+00 4.1866e+00
4.450000e-01 3.323332e+00 4.256428e+06 2.641170e+03 4.975134e-01 6.4169e+52 2.1300e+52 3.3541e+00 4.1689e+00
4.460000e-01 3.322117e+00 4.255149e+06 2.639225e+03 4.975174e-01 5.8002e+52 2.1594e+52 3.3549e+00 4.1937e+00
4.470000e-01 3.320934e+00 4.253892e+06 2.637263e+03 4.975217e-01 5.6328e+52 2.1583e+52 3.3587e+00 4.2093e+00
4.480000e-01 3.319805e+00 4.252665e+06 2.635286e+03 4.975265e-01 5.3743e+52 2.1941e+52 3.3409e+00 4.2013e+00
4.490000e-01 3.318709e+00 4.251475e+06 2.633292e+03 4.975317e-01 5.3136e+52 2.3088e+52 3.3571e+00 4.2379e+00
4.500000e-01 3.317712e+00 4.250324e+06 2.631282e+03 4.975372e-01 5.1031e+52 2.5367e+52 3.3400e+00 4.2909e+00
4.510000e-01 3.316838e+00 4.249209e+06 2.629256e+03 4.975432e-01 4.8781e+52 2.9004e+52 3.3481e+00 4.3588e+00
4.520000e-01 3.316099e+00 4.248123e+06 2.627214e+03 4.975495e-01 4.9588e+52 3.2259e+52 3.3507e+00 4.3748e+00
4.530000e-01 3.315968e+00 4.246124e+06 2.625155e+03 4.975499e-01 5.2694e+52 3.3729e+52 3.3578e+00 4.3623e+00
4.540000e-01 3.316455e+00 4.243296e+06 2.623082e+03 4.975431e-01 5.4026e+52 3.4197e+52 3.3577e+00 4.3456e+00
4.550000e-01 3.316948e+00 4.240853e+06 2.620994e+03 4.975368e-01 5.5898e+52 3.6267e+52 3.3565e+00 4.3768e+00
4.560000e-01 3.317435e+00 4.238760e+06 2.618892e+03 4.975311e-01 5.6297e+52 3.9707e+52 3.3607e+00 4.4522e+00
4.570000e-01 3.317903e+00 4.236983e+06 2.616775e+03 4.975259e-01 5.2289e+52 4.1272e+52 3.3399e+00 4.4982e+00
4.580000e-01 3.318333e+00 4.235485e+06 2.614643e+03 4.975212e-01 4.8760e+52 3.9064e+52 3.3275e+00 4.4927e+00
4.590000e-01 3.318686e+00 4.234232e+06 2.612497e+03 4.975170e-01 4.8395e+52 3.6056e+52 3.3244e+00 4.4538e+00
4.600000e-01 3.318959e+00 4.233190e+06 2.610337e+03 4.975134e-01 4.6333e+52 3.3947e+52 3.3006e+00 4.4220e+00
4.610000e-01 3.319155e+00 4.232329e+06 2.608162e+03 4.975103e-01 4.5062e+52 3.2414e+52 3.2738e+00 4.3997e+00
4.620000e-01 3.319098e+00 4.231619e+06 2.605971e+03 4.975077e-01 4.2175e+52 3.2015e+52 3.2737e+00 4.3535e+00
4.630000e-01 3.318858e+00 4.231033e+06 2.603766e+03 4.975057e-01 4.0800e+52 3.2074e+52 3.2921e+00 4.3326e+00
4.640000e-01 3.318555e+00 4.230545e+06 2.601546e+03 4.975041e-01 3.9112e+52 3.2607e+52 3.2823e+00 4.3322e+00
4.650000e-01 3.318189e+00 4.230132e+06 2.599310e+03 4.975031e-01 3.9462e+52 3.4594e+52 3.2583e+00 4.3353e+00
4.660000e-01 3.317763e+00 4.229772e+06 2.597059e+03 4.975027e-01 4.1230e+52 3.6686e+52 3.2386e+00 4.3438e+00
4.670000e-01 3.317280e+00 4.229444e+06 2.594791e+03 4.975027e-01 4.0628e+52 3.6676e+52 3.2455e+00 4.3477e+00
4.680000e-01 3.316745e+00 4.229130e+06 2.592507e+03 4.975033e-01 4.1381e+52 3.6320e+52 3.3148e+00 4.3466e+00
4.690000e-01 3.316163e+00 4.228813e+06 2.590206e+03 4.975045e-01 4.1891e+52 3.6685e+52 3.3463e+00 4.3445e+00
4.700000e-01 3.315538e+00 4.228477e+06 2.587889e+03 4.975063e-01 4.0383e+52 3.7657e+52 3.3348e+00 4.3673e+00
4.710000e-01 3.314700e+00 4.228109e+06 2.585554e+03 4.975085e-01 3.5131e+52 3.8149e+52 3.2864e+00 4.3912e+00
4.720000e-01 3.313721e+00 4.227701e+06 2.583201e+03 4.975114e-01 3.2481e+52 3.8346e+52 3.2520e+00 4.3873e+00
4.730000e-01 3.312689e+00 4.227256e+06 2.580831e+03 4.975148e-01 3.1272e+52 3.9485e+52 3.2359e+00 4.3880e+00
4.740000e-01 3.311618e+00 4.226785e+06 2.578442e+03 4.975188e-01 3.3000e+52 4.0730e+52 3.2459e+00 4.3835e+00
4.750000e-01 3.310517e+00 4.226292e+06 2.576036e+03 4.975233e-01 3.5139e+52 4.0516e+52 3.2479e+00 4.3767e+00
4.760000e-01 3.309397e+00 4.225780e+06 2.573610e+03 4.975284e-01 3.7109e+52 4.0053e+52 3.2805e+00 4.3743e+00
4.770000e-01 3.308268e+00 4.225254e+06 2.571167e+03 4.975341e-01 3.8307e+52 3.9334e+52 3.2977e+00 4.3294e+00
4.780000e-01 3.307148e+00 4.224719e+06 2.568704e+03 4.975402e-01 3.9007e+52 3.9298e+52 3.3142e+00 4.3228e+00
4.790000e-01 3.306130e+00 4.224181e+06 2.566223e+03 4.975470e-01 3.4747e+52 3.9880e+52 3.3205e+00 4.3433e+00
4.800000e-01 3.305630e+00 4.223093e+06 2.563723e+03 4.975502e-01 3.0633e+52 3.9695e+52 3.3182e+00 4.3557e+00
4.810000e-01 3.306278e+00 4.221055e+06 2.561207e+03 4.975432e-01 2.8711e+52 3.8775e+52 3.2919e+00 4.3562e+00
4.820000e-01 3.307000e+00 4.219836e+06 2.558674e+03 4.975367e-01 2.8517e+52 3.8974e+52 3.2713e+00 4.3633e+00
4.830000e-01 3.307793e+00 4.219436e+06 2.556126e+03 4.975309e-01 2.7160e+52 3.9256e+52 3.2662e+00 4.3828e+00
4.840000e-01 3.308651e+00 4.219845e+06 2.553563e+03 4.975257e-01 2.6722e+52 3.8724e+52 3.2817e+00 4.4059e+00
4.850000e-01 3.309569e+00 4.221046e+06 2.550986e+03 4.975211e-01 2.7507e+52 3.8430e+52 3.2995e+00 4.3986e+00
4.860000e-01 3.310542e+00 4.223013e+06 2.548395e+03 4.975172e-01 2.8424e+52 3.8000e+52 3.3402e+00 4.4123e+00
4.870000e-01 3.311505e+00 4.225718e+06 2.545791e+03 4.975140e-01 2.9525e+52 3.8251e+52 3.3609e+00 4.4197e+00
4.880000e-01 3.312278e+00 4.229129e+06 2.543174e+03 4.975116e-01 3.0289e+52 3.8571e+52 3.3581e+00 4.4121e+00
4.890000e-01 3.313124e+00 4.233218e+06 2.540546e+03 4.975098e-01 2.9536e+52 3.9254e+52 3.3480e+00 4.4135e+00
4.900000e-01 3.314036e+00 4.237951e+06 2.537905e+03 4.975088e-01 2.9089e+52 4.0263e+52 3.3593e+00 4.4196e+00
4.910000e-01 3.315027e+00 4.243286e+06 2.535253e+03 4.975084e-01 2.9639e+52 4.1616e+52 3.3512e+00 4.4259e+00
4.920000e-01 3.316076e+00 4.249177e+06 2.532590e+03 4.975087e-01 3.0583e+52 4.3311e+52 3.3604e+00 4.4348e+00
4.930000e-01 3.317171e+00 4.255575e+06 2.529917e+03 4.975097e-01 3.1631e+52 4.4427e+52 3.3745e+00 4.4584e+00
4.940000e-01 3.318332e+00 4.262422e+06 2.527233e+03 4.975114e-01 3.3826e+52 4.6520e+52 3.4233e+00 4.5087e+00
4.950000e-01 3.319577e+00 4.269659e+06 2.524539e+03 4.975138e-01 3.5172e+52 4.8300e+52 3.4771e+00 4.5549e+00
4.960000e-01 3.320916e+00 4.277219e+06 2.521835e+03 4.975169e-01 3.7083e+52 4.8920e+52 3.5102e+00 4.5634e+00
4.970000e-01 3.322105e+00 4.285028e+06 2.519121e+03 4.975206e-01 3.9679e+52 4.8841e+52 3.4988e+00 4.5430e+00
4.980000e-01 3.323348e+00 4.293009e+06 2.516397e+03 4.975250e-01 4.0545e+52 4.8601e+52 3.4504e+00 4.5358e+00
4.990000e-01 3.324673e+00 4.301077e+06 2.513664e+03 4.975302e-01 3.9259e+52 4.8089e+52 3.4190e+00 4.5251e+00
5.000000e-01 3.326084e+00 4.309143e+06 2.510921e+03 4.975360e-01 3.7534e+52 4.7133e+52 3.4247e+00 4.5107e+00
5.010000e-01 3.327560e+00 4.317115e+06 2.508169e+03 4.975424e-01 3.7678e+52 4.5841e+52 3.4302e+00 4.4909e+00
5.020000e-01 3.329072e+00 4.324894e+06 2.505407e+03 4.975495e-01 3.7981e+52 4.4743e+52 3.4185e+00 4.4687e+00
5.030000e-01 3.331146e+00 4.330348e+06 2.502636e+03 4.975486e-01 3.7410e+52 4.4106e+52 3.4078e+00 4.4906e+00
5.040000e-01 3.333471e+00 4.334044e+06 2.499855e+03 4.975415e-01 3.6818e+52 4.4445e+52 3.4121e+00 4.5188e+00
5.050000e-01 3.335578e+00 4.337682e+06 2.497064e+03 4.975351e-01 3.5955e+52 4.5445e+52 3.4005e+00 4.5110e+00
5.060000e-01 3.337470e+00 4.341265e+06 2.494263e+03 4.975295e-01 3.7320e+52 4.6616e+52 3.4007e+00 4.4898e+00
5.070000e-01 3.339147e+00 4.344794e+06 2.491451e+03 4.975246e-01 3.9545e+52 4.6827e+52 3.3935e+00 4.4812e+00
5.080000e-01 3.340618e+00 4.348263e+06 2.488627e+03 4.975204e-01 4.0087e+52 4.6299e+52 3.3974e+00 4.4738e+00
5.090000e-01 3.341893e+00 4.351664e+06 2.485791e+03 4.975170e-01 4.0798e+52 4.6179e+52 3.4143e+00 4.4669e+00
5.100000e-01 3.342982e+00 4.354978e+06 2.482943e+03 4.975145e-01 4.0067e+52 4.5802e+52 3.4252e+00 4.4669e+00
5.110000e-01 3.343895e+00 4.358185e+06 2.480081e+03 4.975128e-01 3.7988e+52 4.4734e+52 3.4212e+00 4.4654e+00
5.120000e-01 3.344639e+00 4.361255e+06 2.477205e+03 4.975120e-01 3.6573e+52 4.3205e+52 3.3964e+00 4.4746e+00
5.130000e-01 3.345183e+00 4.364154e+06 2.474314e+03 4.975119e-01 3.5524e+52 4.2168e+52 3.4070e+00 4.5163e+00
5.140000e-01 3.345402e+00 4.366840e+06 2.471408e+03 4.975127e-01 3.5389e+52 4.1661e+52 3.4219e+00 4.5687e+00
5.150000e-01 3.345530e+00 4.369272e+06 2.468486e+03 4.975142e-01 3.5669e+52 4.1518e+52 3.4559e+00 4.5836e+00
5.160000e-01 3.345579e+00 4.371401e+06 2.465546e+03 4.975165e-01 3.5229e+52 4.1372e+52 3.4897e+00 4.5729e+00
5.170000e-01 3.345557e+00 4.373181e+06 2.462589e+03 4.975196e-01 3.4135e+52 4.1802e+52 3.4996e+00 4.5663e+00
5.180000e-01 3.345460e+00 4.374562e+06 2.459613e+03 4.975235e-01 3.3549e+52 4.4263e+52 3.4624e+00 4.5787e+00
5.190000e-01 3.345296e+00 4.375499e+06 2.456618e+03 4.975282e-01 3.5298e+52 4.7687e+52 3.4308e+00 4.5917e+00
5.200000e-01 3.344760e+00 4.375946e+06 2.453603e+03 4.975336e-01 3.8947e+52 4.9950e+52 3.4151e+00 4.6158e+00
5.210000e-01 3.343998e+00 4.375864e+06 2.450567e+03 4.975398e-01 4.1022e+52 5.0356e+52 3.4490e+00 4.6253e+00
5.220000e-01 3.343142e+00 4.375215e+06 2.447510e+03 4.975468e-01 4.1678e+52 5.1026e+52 3.4741e+00 4.6108e+00
5.230000e-01 3.342300e+00 4.371892e+06 2.444431e+03 4.975500e-01 4.2601e+52 5.1673e+52 3.4706e+00 4.6138e+00
5.240000e-01 3.341561e+00 4.363667e+06 2.441326e+03 4.975433e-01 4.1051e+52 5.1233e+52 3.4494e+00 4.6104e+00
5.250000e-01 3.340674e+00 4.355723e+06 2.438195e+03 4.975373e-01 3.8862e+52 5.0571e+52 3.4466e+00 4.6027e+00
5.260000e-01 3.339647e+00 4.348083e+06 2.435036e+03 4.975321e-01 3.8117e+52 4.9914e+52 3.4325e+00 4.5822e+00
5.270000e-01 3.338485e+00 4.340761e+06 2.431849e+03 4.975278e-01 3.9545e+52 4.9696e+52 3.4400e+00 4.5742e+00
5.280000e-01 3.337196e+00 4.333765e+06 2.428634e+03 4.975243e-01 4.1997e+52 4.9069e+52 3.4265e+00 4.5849e+00
5.290000e-01 3.335786e+00 4.327093e+06 2.425389e+03 4.975216e-01 4.4443e+52 4.8254e+52 3.4439e+00 4.5818e+00
5.300000e-01 3.334266e+00 4.320744e+06 2.422116e+03 4.975198e-01 4.7147e+52 4.8554e+52 3.4487e+00 4.5733e+00
5.310000e-01 3.332648e+00 4.314716e+06 2.418812e+03 4.975189e-01 4.7827e+52 5.0064e+52 3.4348e+00 4.5772e+00
5.320000e-01 3.330948e+00 4.309005e+06 2.415479e+03 4.975190e-01 4.8563e+52 5.3346e+52 3.4374e+00 4.6310e+00
5.330000e-01 3.328940e+00 4.303604e+06 2.412115e+03 4.975201e-01 5.2329e+52 5.5686e+52 3.4826e+00 4.6776e+00
5.340000e-01 3.326934e+00 4.298504e+06 2.408720e+03 4.975220e-01 4.8503e+52 5.3967e+52 3.4383e+00 4.6441e+00
5.350000e-01 3.324645e+00 4.293692e+06 2.405294e+03 4.975249e-01 4.2773e+52 5.0814e+52 3.4203e+00 4.6055e+00
5.360000e-01 3.322289e+00 4.289152e+06 2.401836e+03 4.975287e-01 3.8093e+52 4.6012e+52 3.4058e+00 4.5684e+00
5.370000e-01 3.319942e+00 4.284865e+06 2.398347e+03 4.975334e-01 3.5964e+52 4.1543e+52 3.4048e+00 4.5518e+00
5.380000e-01 3.317624e+00 4.280809e+06 2.394826e+03 4.975391e-01 3.5813e+52 3.9422e+52 3.4017e+00 4.5479e+00
5.390000e-01 3.315374e+00 4.276956e+06 2.391273e+03 4.975456e-01 3.5932e+52 3.8209e+52 3.4168e+00 4.5201e+00
5.400000e-01 3.313361e+00 4.273163e+06 2.387688e+03 4.975521e-01 3.5453e+52 3.8036e+52 3.4035e+00 4.5062e+00
5.410000e-01 3.313321e+00 4.268483e+06 2.384072e+03 4.975453e-01 3.4351e+52 3.9436e+52 3.3756e+00 4.5088e+00
5.420000e-01 3.313317e+00 4.265049e+06 2.380428e+03 4.975395e-01 3.4278e+52 4.0509e+52 3.3752e+00 4.5532e+00
5.430000e-01 3.313354e+00 4.262860e+06 2.376757e+03 4.975345e-01 3.6526e+52 4.0496e+52 3.4216e+00 4.5887e+00
5.440000e-01 3.313439e+00 4.261913e+06 2.373060e+03 4.975305e-01 3.9262e+52 4.0741e+52 3.4909e+00 4.6070e+00
5.450000e-01 3.313584e+00 4.262193e+06 2.369338e+03 4.975275e-01 3.9631e+52 4.0262e+52 3.5201e+00 4.6292e+00
5.460000e-01 3.313804e+00 4.263678e+06 2.365590e+03 4.975255e-01 3.7058e+52 3.8822e+52 3.5094e+00 4.6336e+00
5.470000e-01 3.313954e+00 4.266333e+06 2.361819e+03 4.975245e-01 3.6202e+52 3.8448e+52 3.4881e+00 4.6106e+00
5.480000e-01 3.314131e+00 4.270106e+06 2.358024e+03 4.975246e-01 3.5730e+52 4.0204e+52 3.4674e+00 4.6096e+00
5.490000e-01 3.314562e+00 4.274927e+06 2.354207e+03 4.975257e-01 3.5890e+52 4.1813e+52 3.4541e+00 4.6360e+00
5.500000e-01 3.315066e+00 4.280707e+06 2.350368e+03 4.975279e-01 3.7554e+52 4.2748e+52 3.4734e+00 4.6641e+00
5.510000e-01 3.315585e+00 4.287334e+06 2.346507e+03 4.975312e-01 3.9091e+52 4.4511e+52 3.4953e+00 4.6809e+00
5.520000e-01 3.316286e+00 4.294678e+06 2.342626e+03 4.975356e-01 4.0415e+52 4.6835e+52 3.4757e+00 4.6695e+00
5.530000e-01 3.317167e+00 4.302588e+06 2.338724e+03 4.975411e-01 4.1193e+52 4.8771e+52 3.4852e+00 4.6842e+00
5.540000e-01 3.318233e+00 4.310900e+06 2.334802e+03 4.975476e-01 4.1177e+52 4.9232e+52 3.5021e+00 4.6738e+00
5.550000e-01 3.320156e+00 4.319545e+06 2.330861e+03 4.975514e-01 4.1293e+52 5.0418e+52 3.5039e+00 4.6620e+00
5.560000e-01 3.324071e+00 4.328877e+06 2.326906e+03 4.975444e-01 4.0511e+52 5.1046e+52 3.5317e+00 4.6736e+00
5.570000e-01 3.327781e+00 4.338750e+06 2.322939e+03 4.975386e-01 4.0904e+52 5.0674e+52 3.5687e+00 4.6734e+00
5.580000e-01 3.331299e+00 4.349166e+06 2.318961e+03 4.975339e-01 4.3121e+52 5.1405e+52 3.6125e+00 4.6704e+00
5.590000e-01 3.334636e+00 4.360104e+06 2.314970e+03 4.975303e-01 4.6149e+52 5.2784e+52 3.6499e+00 4.6878e+00
5.600000e-01 3.337806e+00 4.371513e+06 2.310968e+03 4.975278e-01 4.9084e+52 5.3628e+52 3.6718e+00 4.7019e+00
5.610000e-01 3.340819e+00 4.383317e+06 2.306953e+03 4.975265e-01 4.8904e+52 5.3799e+52 3.6478e+00 4.6756e+00
5.620000e-01 3.343687e+00 4.395416e+06 2.302925e+03 4.975263e-01 4.8229e+52 5.4967e+52 3.6100e+00 4.6740e+00
5.630000e-01 3.346365e+00 4.407686e+06 2.298884e+03 4.975273e-01 4.7950e+52 5.6069e+52 3.5997e+00 4.7063e+00
5.640000e-01 3.348782e+00 4.419988e+06 2.294830e+03 4.975295e-01 4.7731e+52 5.4922e+52 3.6281e+00 4.7283e+00
5.650000e-01 3.351167e+00 4.432172e+06 2.290762e+03 4.975329e-01 4.6156e+52 5.2561e+52 3.6620e+00 4.7343e+00
5.660000e-01 3.353530e+00 4.444081e+06 2.286680e+03 4.975374e-01 4.3234e+52 4.9427e+52 3.6832e+00 4.7396e+00
5.670000e-01 3.355882e+00 4.455558e+06 2.282584e+03 4.975431e-01 3.9764e+52 4.7947e+52 3.6815e+00 4.7252e+00
5.680000e-01 3.358016e+00 4.466452e+06 2.278472e+03 4.975500e-01 3.9085e+52 4.9062e+52 3.6369e+00 4.7007e+00
5.690000e-01 3.359658e+00 4.470467e+06 2.274343e+03 4.975481e-01 3.9567e+52 5.0335e+52 3.6016e+00 4.6884e+00
5.700000e-01 3.361056e+00 4.471338e+06 2.270191e+03 4.975420e-01 4.0039e+52 4.9536e+52 3.6083e+00 4.6855e+00
5.710000e-01 3.362240e+00 4.472473e+06 2.266015e+03 4.975371e-01 4.0947e+52 4.9653e+52 3.6246e+00 4.6895e+00
5.720000e-01 3.363218e+00 4.473881e+06 2.261814e+03 4.975334e-01 4.3419e+52 4.9344e+52 3.6353e+00 4.7039e+00
5.730000e-01 3.364000e+00 4.475548e+06 2.257587e+03 4.975308e-01 4.5062e+52 4.8593e+52 3.6793e+00 4.7090e+00
5.740000e-01 3.364599e+00 4.477434e+06 2.253333e+03 4.975295e-01 4.4838e+52 4.8930e+52 3.6848e+00 4.7129e+00
5.750000e-01 3.365029e+00 4.479485e+06 2.249052e+03 4.975293e-01 4.2925e+52 5.0278e+52 3.6708e+00 4.7517e+00
5.760000e-01 3.365300e+00 4.481632e+06 2.244743e+03 4.975303e-01 4.0621e+52 4.9427e+52 3.6772e+00 4.7978e+00
5.770000e-01 3.365422e+00 4.483799e+06 2.240405e+03 4.975325e-01 4.0204e+52 4.6473e+52 3.6914e+00 4.7868e+00
5.780000e-01 3.365412e+00 4.485905e+06 2.236038e+03 4.975360e-01 4.0339e+52 4.4029e+52 3.6741e+00 4.7406e+00
5.790000e-01 3.365291e+00 4.487870e+06 2.231641e+03 4.975407e-01 4.0137e+52 4.2180e+52 3.6322e+00 4.7179e+00
5.800000e-01 3.365044e+00 4.489614e+06 2.227213e+03 4.975466e-01 3.8923e+52 4.1353e+52 3.6418e+00 4.7118e+00
5.810000e-01 3.364706e+00 4.489732e+06 2.222754e+03 4.975511e-01 3.9879e+52 4.2187e+52 3.5885e+00 4.6809e+00
5.820000e-01 3.364376e+00 4.484348e+06 2.218261e+03 4.975451e-01 3.9451e+52 4.2846e+52 3.5826e+00 4.7183e+00
5.830000e-01 3.363962e+00 4.479817e+06 2.213732e+03 4.975402e-01 3.9890e+52 4.5107e+52 3.5556e+00 4.7615e+00
5.840000e-01 3.363467e+00 4.476105e+06 2.209166e+03 4.975365e-01 4.0702e+52 4.5840e+52 3.5721e+00 4.7767e+00
5.850000e-01 3.362898e+00 4.473164e+06 2.204564e+03 4.975341e-01 4.2376e+52 4.5186e+52 3.6414e+00 4.8141e+00
5.860000e-01 3.362268e+00 4.470930e+06 2.199924e+03 4.975329e-01 4.3775e+52 4.4926e+52 3.6885e+00 4.8611e+00
5.870000e-01 3.361592e+00 4.469328e+06 2.195248e+03 4.975330e-01 4.3421e+52 4.4032e+52 3.6990e+00 4.8368e+00
5.880000e-01 3.360892e+00 4.468271e+06 2.190534e+03 4.975343e-01 4.1900e+52 4.2874e+52 3.6826e+00 4.7728e+00
5.890000e-01 3.360192e+00 4.467660e+06 2.185782e+03 4.975369e-01 4.0154e+52 4.4639e+52 3.6324e+00 4.7753e+00
5.900000e-01 3.359520e+00 4.467389e+06 2.180992e+03 4.975409e-01 4.0495e+52 4.7335e+52 3.6366e+00 4.8613e+00
5.910000e-01 3.358896e+00 4.467347e+06 2.176164e+03 4.975462e-01 4.3735e+52 4.7825e+52 3.7114e+00 4.9121e+00
5.920000e-01 3.357871e+00 4.467382e+06 2.171298e+03 4.975527e-01 4.4903e+52 4.8806e+52 3.7299e+00 4.9076e+00
5.930000e-01 3.358082e+00 4.464784e+06 2.166394e+03 4.975466e-01 4.5884e+52 5.0139e+52 3.7290e+00 4.8954e+00
5.940000e-01 3.358222e+00 4.463278e+06 2.161452e+03 4.975418e-01 4.6598e+52 5.2462e+52 3.7404e+00 4.8795e+00
5.950000e-01 3.358304e+00 4.462799e+06 2.156474e+03 4.975383e-01 4.6485e+52 5.4954e+52 3.7286e+00 4.8707e+00
5.960000e-01 3.358345e+00 4.463253e+06 2.151457e+03 4.975361e-01 4.8270e+52 5.7781e+52 3.7534e+00 4.9074e+00
5.970000e-01 3.358361e+00 4.464523e+06 2.146403e+03 4.975352e-01 5.0712e+52 5.8432e+52 3.7930e+00 4.9195e+00
5.980000e-01 3.358367e+00 4.466479e+06 2.141311e+03 4.975358e-01 5.1366e+52 5.7640e+52 3.7933e+00 4.9148e+00
5.990000e-01 3.358379e+00 4.468977e+06 2.136181e+03 4.975377e-01 5.1267e+52 5.6729e+52 3.8095e+00 4.9190e+00
6.000000e-01 3.358417e+00 4.471869e+06 2.131014e+03 4.975410e-01 5.1227e+52 5.6514e+52 3.8067e+00 4.9029e+00
6.010000e-01 3.358505e+00 4.475005e+06 2.125808e+03 4.975457e-01 5.0681e+52 5.5273e+52 3.8179e+00 4.8988e+00
6.020000e-01 3.358389e+00 4.478239e+06 2.120564e+03 4.975519e-01 4.6397e+52 5.2560e+52 3.8084e+00 4.9126e+00
6.030000e-01 3.359844e+00 4.480367e+06 2.115284e+03 4.975467e-01 4.5547e+52 5.2391e+52 3.7873e+00 4.9134e+00
6.040000e-01 3.361252e+00 4.483509e+06 2.109968e+03 4.975422e-01 4.4973e+52 5.3042e+52 3.7991e+00 4.9078e+00
6.050000e-01 3.362542e+00 4.487634e+06 2.104617e+03 4.975390e-01 4.3536e+52 5.2529e+52 3.8291e+00 4.9139e+00
6.060000e-01 3.363731e+00 4.492620e+06 2.099230e+03 4.975373e-01 4.3965e+52 5.2986e+52 3.8150e+00 4.9305e+00
6.070000e-01 3.364839e+00 4.498321e+06 2.093808e+03 4.975370e-01 4.4858e+52 5.3315e+52 3.8166e+00 4.9216e+00
6.080000e-01 3.365890e+00 4.504584e+06 2.088350e+03 4.975382e-01 4.2897e+52 5.3155e+52 3.8214e+00 4.9163e+00
6.090000e-01 3.366910e+00 4.511249e+06 2.082855e+03 4.975408e-01 4.3160e+52 5.3816e+52 3.8184e+00 4.9215e+00
6.100000e-01 3.367932e+00 4.518153e+06 2.077324e+03 4.975450e-01 4.4628e+52 5.3623e+52 3.8019e+00 4.9318e+00
6.110000e-01 3.368990e+00 4.525137e+06 2.071757e+03 4.975506e-01 4.4493e+52 5.2378e+52 3.7932e+00 4.9095e+00
6.120000e-01 3.370888e+00 4.528742e+06 2.066153e+03 4.975476e-01 4.5175e+52 5.2230e+52 3.8138e+00 4.9137e+00
6.130000e-01 3.372380e+00 4.532329e+06 2.060510e+03 4.975431e-01 4.6347e+52 5.3497e+52 3.8454e+00 4.9282e+00
6.140000e-01 3.373741e+00 4.536860e+06 2.054829e+03 4.975401e-01 4.7823e+52 5.5490e+52 3.8923e+00 4.9490e+00
6.150000e-01 3.374988e+00 4.542230e+06 2.049109e+03 4.975385e-01 4.9405e+52 5.6084e+52 3.8950e+00 4.9579e+00
6.160000e-01 3.376141e+00 4.548319e+06 2.043349e+03 4.975384e-01 4.9539e+52 5.5306e+52 3.8603e+00 4.9212e+00
6.170000e-01 3.377231e+00 4.554991e+06 2.037551e+03 4.975399e-01 4.3801e+52 5.1937e+52 3.8682e+00 4.9015e+00
6.180000e-01 3.378291e+00 4.562101e+06 2.031712e+03 4.975429e-01 4.0216e+52 4.9239e+52 3.9034e+00 4.8987e+00
6.190000e-01 3.379358e+00 4.569492e+06 2.025834e+03 4.975474e-01 3.9564e+52 4.7326e+52 3.9119e+00 4.9128e+00
6.200000e-01 3.380610e+00 4.574099e+06 2.019916e+03 4.975494e-01 3.8881e+52 4.5792e+52 3.9008e+00 4.9074e+00
6.210000e-01 3.381968e+00 4.573819e+06 2.013952e+03 4.975448e-01 3.4903e+52 4.4928e+52 3.8871e+00 4.8858e+00
6.220000e-01 3.382603e+00 4.574704e+06 2.007941e+03 4.975416e-01 3.5123e+52 4.5343e+52 3.8750e+00 4.8765e+00
6.230000e-01 3.383064e+00 4.576678e+06 2.001882e+03 4.975399e-01 3.8065e+52 4.8429e+52 3.8766e+00 4.8770e+00
6.240000e-01 3.383463e+00 4.579644e+06 1.995776e+03 4.975396e-01 4.3102e+52 5.1763e+52 3.9257e+00 4.9493e+00
6.250000e-01 3.383830e+00 4.583479e+06 1.989623e+03 4.975409e-01 4.8235e+52 5.3383e+52 4.0033e+00 5.0015e+00
6.260000e-01 3.384199e+00 4.588039e+06 1.983422e+03 4.975438e-01 4.7456e+52 5.3612e+52 3.9762e+00 4.9702e+00
6.270000e-01 3.384608e+00 4.593159e+06 1.977173e+03 4.975482e-01 4.5161e+52 5.2738e+52 3.9459e+00 4.9624e+00
6.280000e-01 3.385435e+00 4.594263e+06 1.970875e+03 4.975479e-01 4.5476e+52 5.2298e+52 3.9481e+00 4.9888e+00
6.290000e-01 3.386347e+00 4.593076e+06 1.964524e+03 4.975439e-01 4.3998e+52 4.9609e+52 4.0051e+00 5.0185e+00
6.300000e-01 3.386670e+00 4.593208e+06 1.958120e+03 4.975414e-01 4.0853e+52 4.7814e+52 3.9931e+00 4.9921e+00
6.310000e-01 3.386760e+00 4.594586e+06 1.951662e+03 4.975404e-01 3.9359e+52 4.7450e+52 3.9948e+00 4.9818e+00
6.320000e-01 3.386829e+00 4.597106e+06 1.945150e+03 4.975409e-01 3.9404e+52 4.8393e+52 4.0227e+00 4.9783e+00
6.330000e-01 3.386905e+00 4.600637e+06 1.938584e+03 4.975429e-01 4.1265e+52 5.0445e+52 4.0399e+00 4.9894e+00
6.340000e-01 3.387024e+00 4.605020e+06 1.931964e+03 4.975466e-01 4.0923e+52 4.9547e+52 3.9857e+00 4.9439e+00
6.350000e-01 3.387715e+00 4.607421e+06 1.925290e+03 4.975476e-01 4.0668e+52 4.9026e+52 3.9385e+00 4.9478e+00
6.360000e-01 3.388956e+00 4.607089e+06 1.918559e+03 4.975440e-01 3.9448e+52 4.7880e+52 3.9438e+00 4.9799e+00
6.370000e-01 3.389798e+00 4.607980e+06 1.911771e+03 4.975419e-01 3.9834e+52 4.7490e+52 3.9869e+00 4.9787e+00
6.380000e-01 3.390174e+00 4.610044e+06 1.904926e+03 4.975412e-01 3.9626e+52 4.6654e+52 3.9656e+00 4.9597e+00
6.390000e-01 3.390520e+00 4.613205e+06 1.898023e+03 4.975421e-01 3.9560e+52 4.6993e+52 3.9113e+00 4.9351e+00
6.400000e-01 3.390855e+00 4.617365e+06 1.891061e+03 4.975445e-01 4.0994e+52 4.9048e+52 3.8470e+00 4.9370e+00
6.410000e-01 3.391205e+00 4.622403e+06 1.884042e+03 4.975486e-01 4.2818e+52 5.0127e+52 3.8430e+00 4.9590e+00
6.420000e-01 3.392848e+00 4.625802e+06 1.876965e+03 4.975460e-01 4.3994e+52 5.1564e+52 3.9480e+00 5.0020e+00
6.430000e-01 3.394632e+00 4.629632e+06 1.869828e+03 4.975432e-01 4.7753e+52 5.4817e+52 3.9666e+00 5.0360e+00
6.440000e-01 3.396073e+00 4.634362e+06 1.862632e+03 4.975419e-01 5.0124e+52 5.5812e+52 3.9834e+00 5.0676e+00
6.450000e-01 3.397227e+00 4.639909e+06 1.855377e+03 4.975422e-01 5.1488e+52 5.3417e+52 3.9836e+00 5.0522e+00
6.460000e-01 3.398404e+00 4.646200e+06 1.848062e+03 4.975442e-01 5.0979e+52 5.0370e+52 4.0047e+00 5.0416e+00
6.470000e-01 3.399599e+00 4.653179e+06 1.840688e+03 4.975477e-01 4.8563e+52 4.7546e+52 3.9865e+00 5.0782e+00
6.480000e-01 3.401063e+00 4.658203e+06 1.833253e+03 4.975462e-01 4.3669e+52 4.4191e+52 3.9509e+00 5.0167e+00
6.490000e-01 3.402605e+00 4.663176e+06 1.825754e+03 4.975435e-01 3.8424e+52 4.1858e+52 3.9268e+00 5.0126e+00
6.500000e-01 3.404130e+00 4.668974e+06 1.818191e+03 4.975423e-01 4.0788e+52 4.5658e+52 3.9349e+00 5.0293e+00
6.510000e-01 3.405434e+00 4.675363e+06 1.810562e+03 4.975428e-01 4.5355e+52 5.1869e+52 3.9544e+00 5.1157e+00
6.520000e-01 3.406820e+00 4.682172e+06 1.802868e+03 4.975449e-01 4.6943e+52 5.0303e+52 4.0382e+00 5.0420e+00
6.530000e-01 3.408364e+00 4.689293e+06 1.795110e+03 4.975485e-01 4.6279e+52 5.0647e+52 4.0451e+00 5.0344e+00
6.540000e-01 3.410152e+00 4.696771e+06 1.787286e+03 4.975449e-01 4.1938e+52 4.9857e+52 4.0401e+00 5.0968e+00
6.550000e-01 3.411842e+00 4.705342e+06 1.779396e+03 4.975429e-01 4.3378e+52 4.7997e+52 4.1576e+00 5.1361e+00
6.560000e-01 3.413527e+00 4.714508e+06 1.771438e+03 4.975425e-01 4.3032e+52 4.7903e+52 4.0763e+00 5.0356e+00
6.570000e-01 3.415181e+00 4.723820e+06 1.763411e+03 4.975438e-01 4.0068e+52 4.9071e+52 4.0176e+00 5.0055e+00
6.580000e-01 3.416999e+00 4.732926e+06 1.755314e+03 4.975468e-01 3.8529e+52 4.8264e+52 4.0182e+00 5.0115e+00
6.590000e-01 3.419746e+00 4.743674e+06 1.747150e+03 4.975452e-01 3.7905e+52 4.6369e+52 4.0872e+00 5.0197e+00
6.600000e-01 3.422323e+00 4.756277e+06 1.738919e+03 4.975429e-01 4.1405e+52 4.5882e+52 4.1211e+00 5.0659e+00
6.610000e-01 3.424627e+00 4.769684e+06 1.730619e+03 4.975423e-01 4.2389e+52 4.6606e+52 4.1247e+00 5.0396e+00
6.620000e-01 3.426844e+00 4.783191e+06 1.722250e+03 4.975434e-01 4.0005e+52 4.8577e+52 4.0912e+00 5.0258e+00
6.630000e-01 3.429086e+00 4.796126e+06 1.713810e+03 4.975462e-01 4.0912e+52 5.1147e+52 4.0450e+00 5.0279e+00
6.640000e-01 3.433813e+00 4.813262e+06 1.705300e+03 4.975444e-01 4.1941e+52 5.1527e+52 4.0962e+00 5.0782e+00
6.650000e-01 3.438412e+00 4.832535e+06 1.696727e+03 4.975425e-01 4.4202e+52 4.9128e+52 4.1238e+00 5.0822e+00
6.660000e-01 3.442269e+00 4.852254e+06 1.688088e+03 4.975422e-01 4.3108e+52 4.6178e+52 4.1242e+00 5.0835e+00
6.670000e-01 3.445696e+00 4.871621e+06 1.679381e+03 4.975437e-01 3.9649e+52 4.5217e+52 4.0915e+00 5.0422e+00
6.680000e-01 3.449657e+00 4.891185e+06 1.670602e+03 4.975459e-01 4.0576e+52 4.7402e+52 4.1021e+00 5.0599e+00
6.690000e-01 3.457440e+00 4.919483e+06 1.661761e+03 4.975431e-01 4.6078e+52 5.0206e+52 4.1041e+00 5.1484e+00
6.700000e-01 3.464241e+00 4.948013e+06 1.652860e+03 4.975420e-01 4.8441e+52 4.8849e+52 4.1379e+00 5.1763e+00
6.710000e-01 3.470544e+00 4.976149e+06 1.643897e+03 4.975426e-01 4.6311e+52 4.7186e+52 4.0783e+00 5.1110e+00
6.720000e-01 3.476278e+00 5.002887e+06 1.634869e+03 4.975451e-01 4.2345e+52 4.5352e+52 4.0111e+00 5.0181e+00
6.730000e-01 3.484838e+00 5.036444e+06 1.625776e+03 4.975436e-01 3.9899e+52 4.4140e+52 4.0238e+00 5.0385e+00
6.740000e-01 3.493958e+00 5.073339e+06 1.616627e+03 4.975419e-01 4.2789e+52 4.4658e+52 4.0494e+00 5.0906e+00
6.750000e-01 3.502464e+00 5.110213e+06 1.607420e+03 4.975421e-01 4.4169e+52 4.6604e+52 4.0567e+00 5.1169e+00
6.760000e-01 3.510546e+00 5.145981e+06 1.598152e+03 4.975441e-01 4.4473e+52 4.7661e+52 4.0785e+00 5.1123e+00
6.770000e-01 3.520240e+00 5.183124e+06 1.588823e+03 4.975436e-01 4.5089e+52 4.8239e+52 4.1274e+00 5.1419e+00
6.780000e-01 3.530668e+00 5.223735e+06 1.579434e+03 4.975417e-01 4.2680e+52 4.7823e+52 4.1575e+00 5.1965e+00
6.790000e-01 3.539850e+00 5.265347e+06 1.569985e+03 4.975418e-01 3.9379e+52 4.5539e+52 4.1259e+00 5.1470e+00
6.800000e-01 3.548623e+00 5.306770e+06 1.560476e+03 4.975437e-01 3.9394e+52 4.5111e+52 4.1055e+00 5.1451e+00
6.810000e-01 3.557372e+00 5.346564e+06 1.550904e+03 4.975431e-01 4.0356e+52 4.4996e+52 4.1661e+00 5.1786e+00
6.820000e-01 3.566225e+00 5.388181e+06 1.541266e+03 4.975414e-01 4.0638e+52 4.3970e+52 4.1940e+00 5.1886e+00
6.830000e-01 3.574639e+00 5.431839e+06 1.531563e+03 4.975416e-01 4.0131e+52 4.3649e+52 4.1477e+00 5.1221e+00
6.840000e-01 3.582713e+00 5.476280e+06 1.521794e+03 4.975438e-01 3.8254e+52 4.5162e+52 4.1011e+00 5.1213e+00
6.850000e-01 3.590706e+00 5.514762e+06 1.511957e+03 4.975420e-01 4.0331e+52 4.8357e+52 4.1068e+00 5.1599e+00
6.860000e-01 3.598982e+00 5.555417e+06 1.502045e+03 4.975409e-01 4.1935e+52 4.9341e+52 4.1895e+00 5.1840e+00
6.870000e-01 3.607566e+00 5.598798e+06 1.492058e+03 4.975417e-01 4.2208e+52 4.6911e+52 4.2333e+00 5.1891e+00
6.880000e-01 3.615670e+00 5.641050e+06 1.481999e+03 4.975429e-01 4.1273e+52 4.6079e+52 4.2181e+00 5.2274e+00
6.890000e-01 3.623087e+00 5.678144e+06 1.471857e+03 4.975410e-01 4.2235e+52 4.7661e+52 4.1954e+00 5.2176e+00
6.900000e-01 3.630885e+00 5.718993e+06 1.461631e+03 4.975410e-01 4.4483e+52 4.8006e+52 4.1886e+00 5.1757e+00
6.910000e-01 3.639127e+00 5.762633e+06 1.451322e+03 4.975428e-01 4.3150e+52 4.8722e+52 4.1884e+00 5.2380e+00
6.920000e-01 3.647133e+00 5.800320e+06 1.440926e+03 4.975412e-01 4.4304e+52 4.8025e+52 4.2864e+00 5.2546e+00
6.930000e-01 3.654814e+00 5.840857e+06 1.430438e+03 4.975403e-01 4.5762e+52 4.8869e+52 4.2586e+00 5.2651e+00
6.940000e-01 3.662687e+00 5.885402e+06 1.419858e+03 4.975412e-01 4.7007e+52 4.9715e+52 4.2054e+00 5.2433e+00
6.950000e-01 3.670904e+00 5.925567e+06 1.409185e+03 4.975409e-01 4.8687e+52 4.9719e+52 4.1752e+00 5.1974e+00
6.960000e-01 3.678988e+00 5.965279e+06 1.398410e+03 4.975402e-01 4.8998e+52 5.0108e+52 4.2107e+00 5.2435e+00
6.970000e-01 3.686655e+00 6.008170e+06 1.387534e+03 4.975409e-01 4.6113e+52 4.8636e+52 4.2511e+00 5.2469e+00
6.980000e-01 3.694653e+00 6.048529e+06 1.376560e+03 4.975408e-01 4.5424e+52 4.8753e+52 4.2392e+00 5.2706e+00
6.990000e-01 3.704181e+00 6.089753e+06 1.365467e+03 4.975404e-01 4.5446e+52 4.8400e+52 4.2334e+00 5.2995e+00
7.000000e-01 3.713502e+00 6.130944e+06 1.354245e+03 4.975420e-01 4.2900e+52 4.6428e+52 4.2138e+00 5.2870e+00
7.010000e-01 3.720194e+00 6.179794e+06 1.342896e+03 4.975406e-01 4.2866e+52 4.5263e+52 4.1997e+00 5.2490e+00
7.020000e-01 3.725131e+00 6.237974e+06 1.331459e+03 4.975372e-01 4.2794e+52 4.4107e+52 4.1720e+00 5.2311e+00
7.030000e-01 3.731263e+00 6.285240e+06 1.319951e+03 4.975346e-01 4.2509e+52 4.3905e+52 4.1583e+00 5.2198e+00
7.040000e-01 3.857067e+00 6.795216e+06 1.308453e+03 4.975386e-01 4.2352e+52 4.3501e+52 4.1679e+00 5.2319e+00
7.050000e-01 4.092329e+00 7.876236e+06 1.297367e+03 4.975436e-01 4.0679e+52 4.2054e+52 4.1735e+00 5.2548e+00
7.060000e-01 4.382936e+00 9.475824e+06 1.287054e+03 4.975458e-01 4.0397e+52 4.2934e+52 4.1549e+00 5.2881e+00
7.070000e-01 4.757218e+00 1.191177e+07 1.277613e+03 4.975228e-01 4.1323e+52 4.4628e+52 4.2205e+00 5.3296e+00
7.080000e-01 5.023141e+00 1.360461e+07 1.268894e+03 4.975099e-01 4.2129e+52 4.4881e+52 4.2308e+00 5.3287e+00
7.090000e-01 5.412459e+00 1.512613e+07 1.260816e+03 4.975071e-01 4.2097e+52 4.3995e+52 4.2325e+00 5.2939e+00
7.100000e-01 5.578926e+00 1.614148e+07 1.253351e+03 4.975083e-01 4.2196e+52 4.4641e+52 4.2453e+00 5.2897e+00
7.110000e-01 5.599380e+00 1.625729e+07 1.245965e+03 4.975062e-01 4.2735e+52 4.5010e+52 4.2721e+00 5.2881e+00
7.120000e-01 5.473908e+00 1.530764e+07 1.238373e+03 4.975030e-01 3.9316e+52 4.3152e+52 4.3230e+00 5.3032e+00
7.130000e-01 5.413658e+00 1.471566e+07 1.230439e+03 4.975023e-01 3.8448e+52 4.2522e+52 4.3231e+00 5.3144e+00
7.140000e-01 5.426246e+00 1.476584e+07 1.222368e+03 4.975006e-01 3.8523e+52 4.3414e+52 4.3446e+00 5.3074e+00
7.150000e-01 5.433377e+00 1.478475e+07 1.214123e+03 4.974979e-01 3.9652e+52 4.3630e+52 4.3766e+00 5.3498e+00
7.160000e-01 5.404380e+00 1.453180e+07 1.205571e+03 4.974950e-01 3.7568e+52 4.1794e+52 4.3396e+00 5.3448e+00
7.170000e-01 5.383346e+00 1.441011e+07 1.196667e+03 4.974907e-01 3.7205e+52 4.1585e+52 4.2975e+00 5.3539e+00
7.180000e-01 5.412084e+00 1.469584e+07 1.187632e+03 4.974848e-01 3.8410e+52 4.2324e+52 4.3399e+00 5.3813e+00
7.190000e-01 5.420322e+00 1.480214e+07 1.178589e+03 4.974808e-01 3.9238e+52 4.2681e+52 4.2845e+00 5.2983e+00
7.200000e-01 5.430255e+00 1.490853e+07 1.169488e+03 4.974784e-01 3.8428e+52 4.1273e+52 4.2304e+00 5.2918e+00
7.210000e-01 5.442089e+00 1.500794e+07 1.160342e+03 4.974726e-01 3.5376e+52 3.9056e+52 4.1795e+00 5.2760e+00
7.220000e-01 5.457074e+00 1.516167e+07 1.151159e+03 4.974679e-01 3.5245e+52 3.9512e+52 4.1492e+00 5.2767e+00
7.230000e-01 5.486239e+00 1.545622e+07 1.141954e+03 4.974639e-01 3.7331e+52 3.9190e+52 4.1655e+00 5.2618e+00
7.240000e-01 5.596708e+00 1.633685e+07 1.132697e+03 4.974598e-01 3.6500e+52 3.7955e+52 4.1595e+00 5.2255e+00
7.250000e-01 5.794445e+00 1.810931e+07 1.123671e+03 4.974596e-01 3.5674e+52 3.7399e+52 4.1428e+00 5.2027e+00
7.260000e-01 6.052742e+00 2.060223e+07 1.115231e+03 4.974594e-01 3.3615e+52 3.6133e+52 4.1215e+00 5.1768e+00
7.270000e-01 6.401213e+00 2.462432e+07 1.108068e+03 4.974264e-01 3.3571e+52 3.6252e+52 4.1439e+00 5.1801e+00
7.280000e-01 6.715294e+00 2.875977e+07 1.102102e+03 4.974001e-01 3.3600e+52 3.5852e+52 4.1840e+00 5.1747e+00
7.290000e-01 7.091561e+00 3.368534e+07 1.097077e+03 4.973850e-01 3.1675e+52 3.5182e+52 4.1893e+00 5.1316e+00
7.300000e-01 7.522993e+00 3.947162e+07 1.093170e+03 4.973704e-01 2.9549e+52 3.4501e+52 4.2048e+00 5.1507e+00
7.310000e-01 7.904074e+00 4.513794e+07 1.090328e+03 4.973545e-01 3.0981e+52 3.4739e+52 4.1777e+00 5.1396e+00
7.320000e-01 8.131388e+00 4.914500e+07 1.087892e+03 4.973367e-01 3.1843e+52 3.3524e+52 4.1821e+00 5.1642e+00
7.330000e-01 8.317156e+00 5.271580e+07 1.085441e+03 4.973168e-01 3.1699e+52 3.2399e+52 4.1919e+00 5.1400e+00
7.340000e-01 8.460869e+00 5.555259e+07 1.082989e+03 4.972960e-01 3.0564e+52 3.2560e+52 4.1645e+00 5.1594e+00
7.350000e-01 8.569114e+00 5.772464e+07 1.080649e+03 4.972744e-01 2.9608e+52 3.2165e+52 4.1582e+00 5.1762e+00
7.360000e-01 8.640365e+00 5.916379e+07 1.078458e+03 4.972528e-01 2.9784e+52 3.2479e+52 4.1515e+00 5.1621e+00
7.370000e-01 8.665786e+00 5.967604e+07 1.076353e+03 4.972315e-01 2.9238e+52 3.2237e+52 4.1631e+00 5.1470e+00
7.380000e-01 8.642424e+00 5.922512e+07 1.074183e+03 4.972102e-01 2.9683e+52 3.2144e+52 4.1446e+00 5.1246e+00
7.390000e-01 8.564164e+00 5.768689e+07 1.071817e+03 4.971881e-01 3.0060e+52 3.2859e+52 4.1571e+00 5.1819e+00
7.400000e-01 8.444150e+00 5.539518e+07 1.069140e+03 4.971647e-01 3.1027e+52 3.3320e+52 4.1622e+00 5.2066e+00
7.410000e-01 8.308652e+00 5.286853e+07 1.066089e+03 4.971395e-01 3.1174e+52 3.3117e+52 4.1649e+00 5.2217e+00
7.420000e-01 8.211674e+00 5.104667e+07 1.062696e+03 4.971137e-01 3.1088e+52 3.2719e+52 4.1755e+00 5.2264e+00
7.430000e-01 8.172189e+00 5.033665e+07 1.059091e+03 4.970878e-01 3.1148e+52 3.2756e+52 4.1622e+00 5.2248e+00
7.440000e-01 8.186865e+00 5.063704e+07 1.055389e+03 4.970621e-01 3.1708e+52 3.3911e+52 4.1280e+00 5.2213e+00
7.450000e-01 8.241287e+00 5.172791e+07 1.051683e+03 4.970370e-01 3.2124e+52 3.4856e+52 4.1599e+00 5.2433e+00
7.460000e-01 8.320792e+00 5.334011e+07 1.048030e+03 4.970128e-01 3.2110e+52 3.4760e+52 4.1900e+00 5.2237e+00
7.470000e-01 8.403619e+00 5.500594e+07 1.044434e+03 4.969897e-01 3.1411e+52 3.4503e+52 4.1996e+00 5.2146e+00
7.480000e-01 8.476784e+00 5.640908e+07 1.040882e+03 4.969675e-01 3.1642e+52 3.5520e+52 4.2167e+00 5.2346e+00
7.490000e-01 8.545777e+00 5.773939e+07 1.037343e+03 4.969469e-01 3.1793e+52 3.5628e+52 4.2561e+00 5.2749e+00
7.500000e-01 8.595558e+00 5.874253e+07 1.033791e+03 4.969274e-01 3.1821e+52 3.5477e+52 4.2471e+00 5.2603e+00
7.510000e-01 8.613042e+00 5.906591e+07 1.030217e+03 4.969084e-01 3.2305e+52 3.4870e+52 4.2291e+00 5.2505e+00
7.520000e-01 8.600360e+00 5.877053e+07 1.026587e+03 4.968896e-01 3.0400e+52 3.3426e+52 4.1952e+00 5.2300e+00
7.530000e-01 8.565591e+00 5.805580e+07 1.022869e+03 4.968705e-01 3.1060e+52 3.4369e+52 4.1791e+00 5.2515e+00
7.540000e-01 8.517902e+00 5.709102e+07 1.019047e+03 4.968508e-01 3.0567e+52 3.3484e+52 4.1687e+00 5.2251e+00
7.550000e-01 8.458435e+00 5.591007e+07 1.015100e+03 4.968302e-01 3.0195e+52 3.3593e+52 4.1915e+00 5.2110e+00
7.560000e-01 8.375469e+00 5.425201e+07 1.010984e+03 4.968092e-01 3.0318e+52 3.3242e+52 4.1425e+00 5.1958e+00
7.570000e-01 8.297386e+00 5.272637e+07 1.006653e+03 4.967854e-01 3.1202e+52 3.4913e+52 4.1545e+00 5.2209e+00
7.580000e-01 8.241487e+00 5.162921e+07 1.002120e+03 4.967597e-01 3.1082e+52 3.4845e+52 4.1510e+00 5.2222e+00
7.590000e-01 8.211655e+00 5.104342e+07 9.974248e+02 4.967330e-01 3.0756e+52 3.4557e+52 4.1777e+00 5.2350e+00
7.600000e-01 8.208265e+00 5.092441e+07 9.926172e+02 4.967057e-01 2.9377e+52 3.3007e+52 4.1960e+00 5.2621e+00
7.610000e-01 8.223299e+00 5.122448e+07 9.877451e+02 4.966791e-01 2.9275e+52 3.2696e+52 4.1961e+00 5.2697e+00
7.620000e-01 8.242582e+00 5.162897e+07 9.828313e+02 4.966524e-01 2.9037e+52 3.2065e+52 4.1998e+00 5.2754e+00
7.630000e-01 8.259577e+00 5.197787e+07 9.778713e+02 4.966254e-01 2.8485e+52 3.0970e+52 4.2502e+00 5.3092e+00
7.640000e-01 8.268891e+00 5.216965e+07 9.728515e+02 4.965982e-01 2.9089e+52 3.1414e+52 4.2089e+00 5.2911e+00
7.650000e-01 8.266940e+00 5.213365e+07 9.677504e+02 4.965706e-01 2.9909e+52 3.1556e+52 4.1816e+00 5.2736e+00
7.660000e-01 8.245226e+00 5.171072e+07 9.625326e+02 4.965448e-01 3.0127e+52 3.2305e+52 4.1443e+00 5.2303e+00
7.670000e-01 8.212104e+00 5.107245e+07 9.571666e+02 4.965180e-01 3.0232e+52 3.2244e+52 4.1384e+00 5.2383e+00
7.680000e-01 8.168045e+00 5.021458e+07 9.516288e+02 4.964900e-01 2.9590e+52 3.2339e+52 4.1681e+00 5.2910e+00
7.690000e-01 8.110774e+00 4.913376e+07 9.458942e+02 4.964612e-01 2.9584e+52 3.2278e+52 4.1937e+00 5.2936e+00
7.700000e-01 8.045551e+00 4.790175e+07 9.399355e+02 4.964352e-01 2.8656e+52 3.2013e+52 4.2265e+00 5.3049e+00
7.710000e-01 7.985281e+00 4.678232e+07 9.337368e+02 4.964093e-01 2.8977e+52 3.2188e+52 4.1952e+00 5.2585e+00
7.720000e-01 7.938273e+00 4.593962e+07 9.273078e+02 4.963827e-01 2.7942e+52 3.1530e+52 4.2064e+00 5.2677e+00
7.730000e-01 7.915695e+00 4.558082e+07 9.206731e+02 4.963563e-01 2.7683e+52 3.1399e+52 4.1850e+00 5.2743e+00
7.740000e-01 7.922706e+00 4.573712e+07 9.138796e+02 4.963320e-01 2.7790e+52 3.1308e+52 4.1737e+00 5.2786e+00
7.750000e-01 7.947889e+00 4.619304e+07 9.069603e+02 4.963067e-01 2.8665e+52 3.0813e+52 4.1597e+00 5.2726e+00
7.760000e-01 7.978380e+00 4.672197e+07 8.999259e+02 4.962808e-01 2.8204e+52 3.0248e+52 4.1674e+00 5.2688e+00
7.770000e-01 7.990371e+00 4.694326e+07 8.927191e+02 4.962571e-01 2.7014e+52 2.8502e+52 4.2012e+00 5.2955e+00
7.780000e-01 7.989855e+00 4.693866e+07 8.852698e+02 4.962324e-01 2.5829e+52 2.7756e+52 4.1937e+00 5.2787e+00
7.790000e-01 7.963470e+00 4.646629e+07 8.775170e+02 4.962077e-01 2.5926e+52 2.7981e+52 4.1541e+00 5.2527e+00
7.800000e-01 7.901386e+00 4.537342e+07 8.693604e+02 4.961846e-01 2.5146e+52 2.7422e+52 4.1760e+00 5.2824e+00
7.810000e-01 7.817676e+00 4.402776e+07 8.607443e+02 4.961604e-01 2.4929e+52 2.7409e+52 4.1430e+00 5.2374e+00
7.820000e-01 7.717588e+00 4.242146e+07 8.516383e+02 4.961380e-01 2.4668e+52 2.7854e+52 4.1241e+00 5.2412e+00
7.830000e-01 7.614622e+00 4.076650e+07 8.420223e+02 4.961148e-01 2.4543e+52 2.7885e+52 4.1428e+00 5.2534e+00
7.840000e-01 7.509571e+00 3.910944e+07 8.318855e+02 4.960924e-01 2.3769e+52 2.7199e+52 4.1314e+00 5.2356e+00
7.850000e-01 7.406188e+00 3.750162e+07 8.212242e+02 4.960692e-01 2.3304e+52 2.7187e+52 4.1420e+00 5.2409e+00
7.860000e-01 7.306486e+00 3.594195e+07 8.100289e+02 4.960477e-01 2.3431e+52 2.7631e+52 4.1490e+00 5.2258e+00
7.870000e-01 7.207885e+00 3.445216e+07 7.982923e+02 4.960268e-01 2.3087e+52 2.7972e+52 4.1450e+00 5.2329e+00
7.880000e-01 7.114254e+00 3.304454e+07 7.860093e+02 4.960080e-01 2.2375e+52 2.7969e+52 4.1457e+00 5.2338e+00
7.890000e-01 7.017501e+00 3.171874e+07 7.731733e+02 4.959904e-01 2.1670e+52 2.7410e+52 4.1310e+00 5.2307e+00
7.900000e-01 6.919033e+00 3.047265e+07 7.597772e+02 4.959742e-01 2.0585e+52 2.6648e+52 4.1074e+00 5.2240e+00
7.910000e-01 6.827449e+00 2.930286e+07 7.458105e+02 4.959596e-01 2.1540e+52 2.7262e+52 4.0992e+00 5.2109e+00
7.920000e-01 6.741887e+00 2.821244e+07 7.312610e+02 4.959468e-01 2.2919e+52 2.7999e+52 4.1244e+00 5.2327e+00
7.930000e-01 6.659191e+00 2.718615e+07 7.161162e+02 4.959357e-01 2.3432e+52 2.9087e+52 4.1628e+00 5.2670e+00
7.940000e-01 6.581508e+00 2.621894e+07 7.003627e+02 4.959260e-01 2.3480e+52 2.9276e+52 4.1612e+00 5.2498e+00
7.950000e-01 6.508232e+00 2.530947e+07 6.839869e+02 4.959176e-01 2.3813e+52 2.8652e+52 4.1644e+00 5.2522e+00
7.960000e-01 6.437413e+00 2.446021e+07 6.669754e+02 4.959104e-01 2.2766e+52 2.7554e+52 4.1460e+00 5.2590e+00
7.970000e-01 6.371814e+00 2.367534e+07 6.493132e+02 4.959040e-01 2.2006e+52 2.6700e+52 4.1444e+00 5.2674e+00
7.980000e-01 6.311223e+00 2.296218e+07 6.309826e+02 4.958984e-01 2.2482e+52 2.7093e+52 4.1606e+00 5.2708e+00
7.990000e-01 6.251311e+00 2.233590e+07 6.119627e+02 4.958937e-01 2.3115e+52 2.7250e+52 4.1667e+00 5.2756e+00
8.000000e-01 6.197804e+00 2.179904e+07 5.922273e+02 4.958895e-01 2.3023e+52 2.6457e+52 4.1777e+00 5.3052e+00
8.010000e-01 6.154520e+00 2.136110e+07 5.717444e+02 4.958855e-01 2.1824e+52 2.5664e+52 4.1660e+00 5.3179e+00
8.020000e-01 6.123432e+00 2.104745e+07 5.504759e+02 4.958820e-01 2.1860e+52 2.5564e+52 4.1573e+00 5.3277e+00
8.030000e-01 6.104449e+00 2.085539e+07 5.283768e+02 4.958786e-01 2.1997e+52 2.6076e+52 4.1696e+00 5.3363e+00
8.040000e-01 6.098154e+00 2.079242e+07 5.053934e+02 4.958753e-01 2.2546e+52 2.6945e+52 4.1988e+00 5.3439e+00
8.050000e-01 6.104507e+00 2.085941e+07 4.814611e+02 4.958720e-01 2.2549e+52 2.7236e+52 4.2170e+00 5.3361e+00
8.060000e-01 6.122518e+00 2.104583e+07 4.565001e+02 4.958686e-01 2.3677e+52 2.8723e+52 4.2307e+00 5.3309e+00
8.070000e-01 6.150104e+00 2.133030e+07 4.304094e+02 4.958651e-01 2.4618e+52 2.9682e+52 4.2628e+00 5.3424e+00
8.080000e-01 6.185298e+00 2.168838e+07 4.030605e+02 4.958612e-01 2.5120e+52 3.0119e+52 4.2820e+00 5.3905e+00
8.090000e-01 6.222149e+00 2.206844e+07 3.742812e+02 4.958584e-01 2.5295e+52 3.0270e+52 4.3009e+00 5.3798e+00
8.100000e-01 6.505104e+00 2.348788e+07 3.438251e+02 4.958492e-01 2.5353e+52 3.0296e+52 4.3275e+00 5.3973e+00
8.110000e-01 1.010340e+01 1.733770e+08 3.206990e+02 4.957534e-01 2.2106e+52 2.6022e+52 4.1701e+00 5.1880e+00
8.120000e-01 1.082662e+01 2.139254e+08 3.128274e+02 4.956822e-01 2.0350e+52 2.3619e+52 4.0961e+00 5.1084e+00
8.130000e-01 1.152115e+01 3.051064e+08 3.043102e+02 4.959078e-01 2.0245e+52 2.2919e+52 4.0340e+00 5.1354e+00
8.140000e-01 1.167047e+01 3.309352e+08 2.980751e+02 4.957946e-01 2.0768e+52 2.3611e+52 3.9887e+00 5.1702e+00
8.150000e-01 1.187626e+01 3.589561e+08 2.933134e+02 4.951361e-01 2.1831e+52 2.6047e+52 4.0935e+00 5.1608e+00
8.160000e-01 1.207183e+01 3.932275e+08 2.884500e+02 4.946143e-01 2.3540e+52 2.8203e+52 4.0844e+00 5.1445e+00
8.170000e-01 1.210019e+01 3.650498e+08 2.830204e+02 4.922911e-01 2.4746e+52 2.8743e+52 4.0789e+00 5.1454e+00
8.180000e-01 1.195894e+01 3.231011e+08 2.771545e+02 4.899798e-01 2.4303e+52 3.0284e+52 4.0860e+00 5.1029e+00
8.190000e-01 1.270779e+01 4.547115e+08 2.723403e+02 4.882329e-01 2.5314e+52 3.1363e+52 4.0283e+00 5.0438e+00
8.200000e-01 1.266903e+01 4.319094e+08 2.670656e+02 4.874317e-01 2.5723e+52 3.3386e+52 4.0683e+00 5.0246e+00
8.210000e-01 1.248643e+01 3.866018e+08 2.583133e+02 4.868677e-01 2.4717e+52 3.2097e+52 4.1280e+00 5.0345e+00
8.220000e-01 1.296983e+01 4.581384e+08 2.475366e+02 4.848678e-01 2.4776e+52 3.1543e+52 4.1656e+00 5.1218e+00
8.230000e-01 1.354170e+01 5.744491e+08 2.344806e+02 4.835120e-01 2.4694e+52 3.0346e+52 4.1845e+00 5.1728e+00
8.240000e-01 1.395867e+01 6.847629e+08 2.212592e+02 4.822890e-01 2.3954e+52 2.8877e+52 4.1598e+00 5.2216e+00
8.250000e-01 1.443572e+01 8.327414e+08 2.076789e+02 4.812573e-01 2.3235e+52 2.8581e+52 4.1373e+00 5.2647e+00
8.260000e-01 1.491166e+01 9.982504e+08 1.955726e+02 4.800502e-01 2.7207e+52 3.0865e+52 4.1044e+00 5.2550e+00
8.270000e-01 1.537008e+01 1.093726e+09 1.854864e+02 4.773264e-01 2.7479e+52 3.3948e+52 4.1437e+00 5.2112e+00
8.280000e-01 1.562403e+01 1.225127e+09 1.795914e+02 4.767940e-01 2.4325e+52 3.0648e+52 4.2698e+00 5.2389e+00
8.290000e-01 1.620693e+01 1.504387e+09 1.734868e+02 4.727910e-01 2.7430e+52 3.2481e+52 4.3859e+00 5.4033e+00
8.300000e-01 1.576087e+01 1.302276e+09 1.634993e+02 4.700531e-01 2.7552e+52 3.2323e+52 4.4806e+00 5.4310e+00
8.310000e-01 1.780981e+01 2.149661e+09 1.584931e+02 4.620822e-01 3.1481e+52 3.7461e+52 4.4770e+00 5.4303e+00
8.320000e-01 1.703896e+01 1.637868e+09 1.511974e+02 4.535737e-01 3.4875e+52 4.4285e+52 4.5112e+00 5.5975e+00
8.330000e-01 1.818316e+01 2.204718e+09 1.382739e+02 4.509642e-01 3.0921e+52 3.9038e+52 4.3573e+00 5.5413e+00
8.340000e-01 2.017140e+01 2.809186e+09 1.334996e+02 4.354592e-01 2.6435e+52 3.3798e+52 4.2184e+00 5.3441e+00
8.350000e-01 2.067056e+01 2.542355e+09 1.338018e+02 4.108190e-01 2.3661e+52 2.9361e+52 4.1590e+00 5.2808e+00
8.360000e-01 2.049143e+01 2.086269e+09 1.367311e+02 3.913625e-01 2.4469e+52 2.9494e+52 4.1497e+00 5.2421e+00
8.370000e-01 2.312909e+01 2.579143e+09 1.361726e+02 3.880705e-01 2.4472e+52 2.8426e+52 4.1792e+00 5.2464e+00
8.380000e-01 2.494317e+01 2.757940e+09 1.319313e+02 3.837661e-01 2.3444e+52 2.8368e+52 4.1482e+00 5.2217e+00
8.390000e-01 2.567304e+01 2.749869e+09 1.236017e+02 3.661300e-01 2.3246e+52 2.6747e+52 4.2091e+00 5.2513e+00
8.400000e-01 2.852167e+01 3.293620e+09 1.132172e+02 3.445219e-01 2.3445e+52 2.9462e+52 4.2784e+00 5.2228e+00
8.410000e-01 3.207023e+01 4.908135e+09 9.955297e+01 3.237370e-01 2.1414e+52 2.6343e+52 4.5070e+00 5.3327e+00
8.420000e-01 3.814659e+01 8.885372e+09 8.699053e+01 2.892423e-01 1.7892e+52 2.3028e+52 4.8423e+00 5.4700e+00
8.430000e-01 3.801594e+01 1.366525e+10 8.258921e+01 2.406724e-01 1.6323e+52 2.1801e+52 4.9056e+00 5.5220e+00
8.440000e-01 3.523522e+01 1.459832e+10 8.381265e+01 2.112670e-01 1.5326e+52 2.0780e+52 4.7095e+00 5.4142e+00
8.450000e-01 3.236273e+01 1.096705e+10 8.972328e+01 2.102678e-01 1.5905e+52 2.1624e+52 4.4608e+00 5.2998e+00
8.460000e-01 3.082528e+01 9.483492e+09 9.439939e+01 2.098104e-01 1.5631e+52 2.1405e+52 4.3346e+00 5.2246e+00
8.470000e-01 3.012647e+01 8.676843e+09 9.569204e+01 2.104065e-01 1.5410e+52 2.1735e+52 4.2561e+00 5.1937e+00
8.480000e-01 2.930357e+01 9.013011e+09 9.423189e+01 2.092717e-01 1.5779e+52 2.2194e+52 4.2525e+00 5.2130e+00
8.490000e-01 2.951007e+01 9.520745e+09 9.196301e+01 2.072911e-01 1.5942e+52 2.2656e+52 4.2881e+00 5.2671e+00
8.500000e-01 3.079210e+01 1.064784e+10 8.893190e+01 2.063008e-01 1.5545e+52 2.2589e+52 4.3776e+00 5.3324e+00
8.510000e-01 3.240269e+01 1.197491e+10 8.588091e+01 2.053104e-01 1.5205e+52 2.2318e+52 4.5226e+00 5.4175e+00
8.520000e-01 3.372103e+01 1.376736e+10 8.353869e+01 2.025272e-01 1.3764e+52 2.0319e+52 4.6681e+00 5.4757e+00
8.530000e-01 3.488670e+01 1.561835e+10 8.196011e+01 1.989939e-01 1.1777e+52 1.8185e+52 4.8370e+00 5.5476e+00
8.540000e-01 3.640643e+01 1.843196e+10 8.064069e+01 1.939251e-01 1.0786e+52 1.7461e+52 4.9669e+00 5.6138e+00
8.550000e-01 3.638794e+01 2.109659e+10 7.950203e+01 1.844098e-01 1.0550e+52 1.6806e+52 4.9483e+00 5.6225e+00
8.560000e-01 3.670408e+01 2.377969e+10 7.831376e+01 1.755022e-01 1.1131e+52 1.7407e+52 4.9929e+00 5.6961e+00
8.570000e-01 3.592190e+01 2.681813e+10 7.678578e+01 1.662579e-01 1.1732e+52 1.8287e+52 4.9712e+00 5.7119e+00
8.580000e-01 3.589186e+01 3.199867e+10 7.533731e+01 1.559664e-01 1.2297e+52 1.8527e+52 4.9616e+00 5.7382e+00
8.590000e-01 3.552757e+01 3.595102e+10 7.394419e+01 1.458963e-01 1.2461e+52 1.8166e+52 4.8714e+00 5.6858e+00
8.600000e-01 3.615743e+01 4.169229e+10 7.224585e+01 1.364418e-01 1.2498e+52 1.8157e+52 4.8694e+00 5.6580e+00
8.610000e-01 3.811788e+01 5.012431e+10 7.021933e+01 1.294153e-01 1.1712e+52 1.7420e+52 5.0270e+00 5.7607e+00
8.620000e-01 3.929996e+01 5.861719e+10 6.821079e+01 1.235439e-01 1.1518e+52 1.7271e+52 5.1394e+00 5.8690e+00
8.630000e-01 3.902982e+01 6.504881e+10 6.760552e+01 1.192405e-01 1.1774e+52 1.7480e+52 5.1740e+00 5.9269e+00
8.640000e-01 3.750030e+01 6.629272e+10 6.787038e+01 1.154757e-01 1.3509e+52 1.9045e+52 4.9967e+00 5.7843e+00
8.650000e-01 3.715268e+01 7.055686e+10 6.747694e+01 1.117766e-01 1.4221e+52 1.9590e+52 4.9354e+00 5.7410e+00
8.660000e-01 3.646084e+01 7.357278e+10 6.716028e+01 1.081903e-01 1.3976e+52 1.9626e+52 4.8794e+00 5.7286e+00
8.670000e-01 3.682746e+01 7.555820e+10 6.711746e+01 1.062620e-01 1.3712e+52 1.9785e+52 4.8877e+00 5.7543e+00
8.680000e-01 3.597345e+01 7.256105e+10 6.770500e+01 1.058495e-01 1.3708e+52 1.9882e+52 4.8106e+00 5.7216e+00
8.690000e-01 3.438080e+01 6.795203e+10 6.866563e+01 1.064181e-01 1.4118e+52 2.0404e+52 4.7145e+00 5.6658e+00
8.700000e-01 3.404005e+01 6.292339e+10 7.006703e+01 1.077674e-01 1.4044e+52 1.9963e+52 4.6792e+00 5.6145e+00
8.710000e-01 3.295440e+01 5.749593e+10 7.081356e+01 1.084885e-01 1.4248e+52 1.9795e+52 4.5638e+00 5.5428e+00
8.720000e-01 3.344819e+01 5.768133e+10 7.086049e+01 1.090330e-01 1.4478e+52 2.0013e+52 4.6086e+00 5.5758e+00
8.730000e-01 3.412566e+01 5.623212e+10 7.117905e+01 1.095167e-01 1.3947e+52 1.9673e+52 4.6088e+00 5.5689e+00
8.740000e-01 3.395617e+01 5.596861e+10 7.151334e+01 1.103957e-01 1.4044e+52 1.9851e+52 4.6210e+00 5.5898e+00
8.750000e-01 3.358539e+01 5.372218e+10 7.208740e+01 1.111549e-01 1.3867e+52 1.9507e+52 4.5913e+00 5.5631e+00
8.760000e-01 3.292648e+01 5.075022e+10 7.265640e+01 1.116524e-01 1.3356e+52 1.9032e+52 4.5289e+00 5.5051e+00
8.770000e-01 3.233654e+01 4.982228e+10 7.292276e+01 1.112006e-01 1.3091e+52 1.8698e+52 4.5214e+00 5.4867e+00
8.780000e-01 3.276646e+01 5.069289e+10 7.318935e+01 1.112262e-01 1.2855e+52 1.8652e+52 4.5732e+00 5.5058e+00
8.790000e-01 3.364555e+01 5.060997e+10 7.342044e+01 1.114420e-01 1.2897e+52 1.9246e+52 4.5938e+00 5.5031e+00
8.800000e-01 3.399289e+01 5.005055e+10 7.367051e+01 1.115094e-01 1.3628e+52 2.0028e+52 4.5970e+00 5.5109e+00
8.810000e-01 3.341537e+01 4.968895e+10 7.408808e+01 1.117951e-01 1.3975e+52 1.9992e+52 4.5692e+00 5.5130e+00
8.820000e-01 3.299369e+01 4.837335e+10 7.464017e+01 1.127171e-01 1.3736e+52 1.9709e+52 4.5434e+00 5.4926e+00
8.830000e-01 3.294159e+01 4.724808e+10 7.439100e+01 1.133413e-01 1.4049e+52 2.0229e+52 4.5368e+00 5.4908e+00
8.840000e-01 3.367325e+01 4.903582e+10 7.384980e+01 1.129090e-01 1.3230e+52 1.9597e+52 4.6035e+00 5.4938e+00
8.850000e-01 3.326325e+01 5.063443e+10 7.313534e+01 1.116208e-01 1.2383e+52 1.8836e+52 4.5734e+00 5.4651e+00
8.860000e-01 3.330878e+01 5.354548e+10 7.279757e+01 1.095568e-01 1.2001e+52 1.8259e+52 4.5685e+00 5.4555e+00
8.870000e-01 3.301044e+01 5.393809e+10 7.297467e+01 1.073409e-01 1.1793e+52 1.7780e+52 4.5105e+00 5.4236e+00
8.880000e-01 3.214517e+01 5.302041e+10 7.308733e+01 1.051148e-01 1.1882e+52 1.8158e+52 4.4020e+00 5.3950e+00
8.890000e-01 3.226968e+01 5.534582e+10 7.275933e+01 1.031166e-01 1.2206e+52 1.8686e+52 4.4151e+00 5.4161e+00
8.900000e-01 3.326675e+01 5.864452e+10 7.252163e+01 1.013961e-01 1.2046e+52 1.8080e+52 4.4982e+00 5.4262e+00
8.910000e-01 3.276722e+01 5.741465e+10 7.237802e+01 1.010837e-01 1.2487e+52 1.8277e+52 4.4496e+00 5.4127e+00
8.920000e-01 3.261597e+01 5.689600e+10 7.252630e+01 1.007736e-01 1.2281e+52 1.8368e+52 4.4297e+00 5.3986e+00
8.930000e-01 3.236605e+01 5.548952e+10 7.332438e+01 1.007467e-01 1.1467e+52 1.7534e+52 4.4039e+00 5.3525e+00
8.940000e-01 3.145985e+01 5.148498e+10 7.352034e+01 1.014021e-01 1.1551e+52 1.7759e+52 4.2923e+00 5.3291e+00
8.950000e-01 3.174641e+01 5.184062e+10 7.342823e+01 1.017787e-01 1.1351e+52 1.7574e+52 4.3228e+00 5.3342e+00
8.960000e-01 3.150354e+01 5.072888e+10 7.353995e+01 1.019642e-01 1.1398e+52 1.7529e+52 4.3008e+00 5.3285e+00
8.970000e-01 3.134964e+01 5.064713e+10 7.397663e+01 1.025521e-01 1.1215e+52 1.7340e+52 4.3177e+00 5.3291e+00
8.980000e-01 3.074412e+01 5.012792e+10 7.398743e+01 1.024479e-01 1.1328e+52 1.7888e+52 4.2796e+00 5.3232e+00
8.990000e-01 3.153774e+01 5.332813e+10 7.381740e+01 1.020762e-01 1.1392e+52 1.7711e+52 4.3650e+00 5.3399e+00
9.000000e-01 3.129323e+01 5.224441e+10 7.386550e+01 1.023017e-01 1.1370e+52 1.7548e+52 4.3289e+00 5.3248e+00
9.010000e-01 3.138417e+01 5.178417e+10 7.397060e+01 1.022887e-01 1.1231e+52 1.7404e+52 4.3253e+00 5.3271e+00
9.020000e-01 3.132688e+01 5.097599e+10 7.422797e+01 1.022923e-01 1.1171e+52 1.7483e+52 4.3065e+00 5.3255e+00
9.030000e-01 3.103263e+01 4.948801e+10 7.470164e+01 1.026441e-01 1.1080e+52 1.7407e+52 4.2774e+00 5.3195e+00
9.040000e-01 3.064193e+01 4.767016e+10 7.513508e+01 1.030105e-01 1.1089e+52 1.7244e+52 4.2383e+00 5.2978e+00
9.050000e-01 3.006313e+01 4.552524e+10 7.552742e+01 1.033466e-01 1.1163e+52 1.7225e+52 4.1798e+00 5.2648e+00
9.060000e-01 2.996226e+01 4.424134e+10 7.615907e+01 1.035849e-01 1.0878e+52 1.6781e+52 4.1542e+00 5.2216e+00
9.070000e-01 2.928854e+01 4.159756e+10 7.675535e+01 1.037972e-01 1.0764e+52 1.6695e+52 4.0937e+00 5.2094e+00
9.080000e-01 2.909576e+01 4.063765e+10 7.738332e+01 1.034961e-01 1.0063e+52 1.6158e+52 4.0516e+00 5.1856e+00
9.090000e-01 2.901516e+01 3.980590e+10 7.749427e+01 1.040980e-01 1.0277e+52 1.6293e+52 4.0413e+00 5.2020e+00
9.100000e-01 2.890447e+01 3.901959e+10 7.785485e+01 1.046219e-01 1.0467e+52 1.6469e+52 4.0490e+00 5.1989e+00
9.110000e-01 2.847945e+01 3.744742e+10 7.835334e+01 1.049501e-01 1.0268e+52 1.6572e+52 4.0257e+00 5.1985e+00
9.120000e-01 2.871650e+01 3.783724e+10 7.811911e+01 1.057725e-01 1.0618e+52 1.6856e+52 4.0684e+00 5.2174e+00
9.130000e-01 2.914691e+01 3.900376e+10 7.759481e+01 1.058329e-01 1.0727e+52 1.6684e+52 4.1043e+00 5.2144e+00
9.140000e-01 2.925880e+01 3.904058e+10 7.716635e+01 1.057658e-01 1.0474e+52 1.6369e+52 4.0984e+00 5.2007e+00
9.150000e-01 2.952324e+01 3.933533e+10 7.680057e+01 1.058589e-01 1.0857e+52 1.6326e+52 4.1360e+00 5.2091e+00
9.160000e-01 2.882295e+01 3.717323e+10 7.763271e+01 1.053057e-01 9.7821e+51 1.5622e+52 4.0202e+00 5.1506e+00
9.170000e-01 2.872470e+01 3.624593e+10 7.837493e+01 1.065282e-01 9.7594e+51 1.5427e+52 4.0077e+00 5.1716e+00
9.180000e-01 2.840509e+01 3.516439e+10 7.942628e+01 1.065925e-01 9.3583e+51 1.5412e+52 3.9881e+00 5.1743e+00
9.190000e-01 2.772196e+01 3.288821e+10 8.001755e+01 1.069267e-01 9.2189e+51 1.5426e+52 3.9349e+00 5.1626e+00
9.200000e-01 2.729119e+01 3.149340e+10 8.046340e+01 1.078763e-01 9.2047e+51 1.5336e+52 3.9102e+00 5.1552e+00
9.210000e-01 2.736197e+01 3.111613e+10 8.099423e+01 1.086451e-01 9.3896e+51 1.5151e+52 3.9241e+00 5.1430e+00
9.220000e-01 2.699671e+01 2.862574e+10 8.236698e+01 1.103798e-01 9.2123e+51 1.4914e+52 3.8937e+00 5.1209e+00
9.230000e-01 2.578744e+01 2.476006e+10 8.389139e+01 1.128946e-01 9.6907e+51 1.5863e+52 3.8508e+00 5.1431e+00
9.240000e-01 2.645125e+01 2.517975e+10 8.482439e+01 1.157524e-01 9.8453e+51 1.5848e+52 3.9249e+00 5.1283e+00
9.250000e-01 2.727065e+01 2.469889e+10 8.542748e+01 1.163910e-01 9.2091e+51 1.5366e+52 3.9545e+00 5.0747e+00
9.260000e-01 2.661132e+01 2.208577e+10 8.424489e+01 1.183292e-01 9.6907e+51 1.4751e+52 3.8963e+00 5.0492e+00
9.270000e-01 2.657118e+01 2.123634e+10 8.464066e+01 1.195238e-01 9.0872e+51 1.4770e+52 3.8393e+00 5.0462e+00
9.280000e-01 2.671333e+01 2.126186e+10 8.509594e+01 1.196731e-01 8.8417e+51 1.4651e+52 3.8429e+00 5.0709e+00
9.290000e-01 2.684667e+01 2.141137e+10 8.559939e+01 1.191757e-01 8.7692e+51 1.4479e+52 3.8525e+00 5.0765e+00
9.300000e-01 2.665193e+01 2.076867e+10 8.655352e+01 1.204362e-01 8.5888e+51 1.4609e+52 3.8418e+00 5.0987e+00
9.310000e-01 2.636187e+01 1.992889e+10 8.706834e+01 1.221600e-01 8.7345e+51 1.4532e+52 3.8490e+00 5.1207e+00
9.320000e-01 2.611155e+01 1.913623e+10 8.742192e+01 1.233682e-01 8.7495e+51 1.4318e+52 3.8467e+00 5.1142e+00
9.330000e-01 2.619549e+01 1.929707e+10 8.735331e+01 1.242592e-01 8.6982e+51 1.4083e+52 3.8516e+00 5.1294e+00
9.340000e-01 2.606581e+01 1.913737e+10 8.666773e+01 1.249122e-01 8.8274e+51 1.4419e+52 3.8432e+00 5.1235e+00
9.350000e-01 2.727400e+01 2.106771e+10 8.538253e+01 1.249877e-01 8.8846e+51 1.4164e+52 3.8787e+00 5.0871e+00
9.360000e-01 2.739485e+01 2.120947e+10 8.455310e+01 1.238452e-01 8.9040e+51 1.3818e+52 3.8752e+00 5.0801e+00
9.370000e-01 2.717675e+01 2.104333e+10 8.461767e+01 1.230396e-01 8.5561e+51 1.3624e+52 3.8489e+00 5.0700e+00
9.380000e-01 2.673845e+01 2.030799e+10 8.496775e+01 1.231162e-01 8.4695e+51 1.3599e+52 3.8375e+00 5.0714e+00
9.390000e-01 2.622198e+01 1.916878e+10 8.583470e+01 1.236563e-01 8.5248e+51 1.3800e+52 3.8233e+00 5.0615e+00
9.400000e-01 2.618260e+01 1.828003e+10 8.730931e+01 1.250140e-01 8.4101e+51 1.3904e+52 3.8100e+00 5.0403e+00
9.410000e-01 2.518929e+01 1.613898e+10 8.907209e+01 1.271206e-01 8.5489e+51 1.3977e+52 3.7744e+00 5.0296e+00
9.420000e-01 2.455187e+01 1.461692e+10 9.072195e+01 1.292851e-01 8.5096e+51 1.4157e+52 3.7469e+00 5.0402e+00
9.430000e-01 2.417683e+01 1.361810e+10 9.160401e+01 1.311217e-01 8.5905e+51 1.4222e+52 3.7424e+00 5.0484e+00
9.440000e-01 2.474336e+01 1.400934e+10 9.141666e+01 1.330151e-01 8.5370e+51 1.4011e+52 3.7550e+00 5.0272e+00
9.450000e-01 2.479478e+01 1.363305e+10 9.058967e+01 1.337476e-01 8.8020e+51 1.4492e+52 3.7437e+00 5.0276e+00
9.460000e-01 2.633725e+01 1.554930e+10 8.810659e+01 1.336762e-01 8.9073e+51 1.4670e+52 3.7648e+00 5.0241e+00
9.470000e-01 2.765898e+01 1.720241e+10 8.546983e+01 1.326955e-01 8.9197e+51 1.4517e+52 3.8200e+00 5.0408e+00
9.480000e-01 2.761087e+01 1.786255e+10 8.401273e+01 1.303480e-01 8.9695e+51 1.4900e+52 3.8322e+00 5.0943e+00
9.490000e-01 2.786285e+01 1.829212e+10 8.318772e+01 1.296210e-01 9.1376e+51 1.5234e+52 3.8667e+00 5.1192e+00
9.500000e-01 2.786388e+01 1.871818e+10 8.241157e+01 1.292388e-01 9.2893e+51 1.5527e+52 3.8905e+00 5.1233e+00
9.510000e-01 2.824684e+01 1.945220e+10 8.141523e+01 1.287332e-01 9.3458e+51 1.5567e+52 3.9137e+00 5.1290e+00
9.520000e-01 2.855431e+01 2.047388e+10 8.075042e+01 1.276929e-01 9.2113e+51 1.5254e+52 3.9217e+00 5.1276e+00
9.530000e-01 2.841591e+01 2.118769e+10 8.074025e+01 1.257187e-01 8.7733e+51 1.4956e+52 3.8954e+00 5.1239e+00
9.540000e-01 2.802181e+01 2.134280e+10 8.102935e+01 1.239070e-01 8.5741e+51 1.4611e+52 3.8556e+00 5.1178e+00
9.550000e-01 2.763653e+01 2.103663e+10 8.183443e+01 1.223051e-01 8.1712e+51 1.4204e+52 3.8295e+00 5.0911e+00
9.560000e-01 2.599587e+01 1.864146e+10 8.288883e+01 1.207388e-01 8.1976e+51 1.4692e+52 3.7239e+00 5.1192e+00
9.570000e-01 2.545040e+01 1.808066e+10 8.349729e+01 1.205905e-01 8.0800e+51 1.4599e+52 3.7338e+00 5.1592e+00
9.580000e-01 2.543613e+01 1.854861e+10 8.411502e+01 1.205257e-01 7.9021e+51 1.4229e+52 3.7253e+00 5.1162e+00
9.590000e-01 2.500404e+01 1.810219e+10 8.424907e+01 1.209581e-01 8.1793e+51 1.4354e+52 3.7141e+00 5.0783e+00
9.600000e-01 2.527859e+01 1.827962e+10 8.446363e+01 1.217405e-01 8.1716e+51 1.3990e+52 3.7228e+00 5.0475e+00
9.610000e-01 2.454595e+01 1.660397e+10 8.545010e+01 1.224884e-01 8.3861e+51 1.4116e+52 3.6943e+00 5.0467e+00
9.620000e-01 2.441179e+01 1.594081e+10 8.667950e+01 1.237567e-01 8.3041e+51 1.4064e+52 3.6869e+00 5.0440e+00
9.630000e-01 2.415963e+01 1.487827e+10 8.773353e+01 1.251638e-01 8.2967e+51 1.4587e+52 3.6937e+00 5.0909e+00
9.640000e-01 2.432945e+01 1.481757e+10 8.759232e+01 1.270819e-01 8.5912e+51 1.4972e+52 3.7426e+00 5.1564e+00
9.650000e-01 2.473636e+01 1.534953e+10 8.705714e+01 1.284128e-01 8.6183e+51 1.4829e+52 3.7852e+00 5.1380e+00
9.660000e-01 2.529866e+01 1.601596e+10 8.615423e+01 1.289226e-01 8.7283e+51 1.4762e+52 3.7859e+00 5.0766e+00
9.670000e-01 2.580387e+01 1.667492e+10 8.486129e+01 1.295294e-01 8.9631e+51 1.4869e+52 3.8060e+00 5.0790e+00
9.680000e-01 2.680517e+01 1.818409e+10 8.354923e+01 1.291069e-01 8.6838e+51 1.4291e+52 3.8160e+00 5.0611e+00
9.690000e-01 2.658005e+01 1.813853e+10 8.268442e+01 1.284461e-01 8.7343e+51 1.4683e+52 3.7977e+00 5.0978e+00
9.700000e-01 2.603088e+01 1.778893e+10 8.244332e+01 1.284581e-01 8.9486e+51 1.5280e+52 3.7962e+00 5.1195e+00
9.710000e-01 2.558853e+01 1.708979e+10 8.312719e+01 1.290155e-01 8.9900e+51 1.5445e+52 3.7909e+00 5.1199e+00
9.720000e-01 2.516268e+01 1.602787e+10 8.376124e+01 1.299417e-01 9.0863e+51 1.5318e+52 3.8023e+00 5.1160e+00
9.730000e-01 2.464665e+01 1.497716e+10 8.423227e+01 1.312219e-01 9.2450e+51 1.5404e+52 3.8168e+00 5.1251e+00
9.740000e-01 2.418346e+01 1.390011e+10 8.458917e+01 1.330781e-01 9.5672e+51 1.6005e+52 3.8564e+00 5.1887e+00
9.750000e-01 2.406302e+01 1.337852e+10 8.519857e+01 1.359986e-01 9.8916e+51 1.6683e+52 3.9104e+00 5.2503e+00
9.760000e-01 2.403275e+01 1.268820e+10 8.625631e+01 1.401189e-01 9.6522e+51 1.5763e+52 3.8864e+00 5.1734e+00
9.770000e-01 2.380936e+01 1.203514e+10 8.747292e+01 1.418999e-01 9.4480e+51 1.5555e+52 3.8303e+00 5.0950e+00
9.780000e-01 2.379369e+01 1.181196e+10 8.776051e+01 1.424479e-01 9.1889e+51 1.5332e+52 3.8386e+00 5.0859e+00
9.790000e-01 2.335848e+01 1.125857e+10 8.826811e+01 1.435622e-01 9.1144e+51 1.5361e+52 3.7439e+00 5.0363e+00
9.800000e-01 2.316220e+01 1.074750e+10 8.939700e+01 1.444043e-01 8.6603e+51 1.4834e+52 3.6846e+00 4.9978e+00
9.810000e-01 2.291103e+01 1.002778e+10 9.088224e+01 1.445372e-01 8.7931e+51 1.5243e+52 3.7180e+00 5.0087e+00
9.820000e-01 2.241325e+01 8.728578e+09 9.175950e+01 1.451611e-01 9.3478e+51 1.5815e+52 3.7846e+00 5.0439e+00
9.830000e-01 2.333281e+01 8.664850e+09 9.213366e+01 1.493458e-01 9.2252e+51 1.5848e+52 3.8233e+00 5.0691e+00
9.840000e-01 2.253604e+01 7.248713e+09 9.275015e+01 1.597428e-01 9.3045e+51 1.5837e+52 3.8535e+00 5.1301e+00
9.850000e-01 2.262478e+01 7.207006e+09 9.278857e+01 1.588612e-01 9.1029e+51 1.4910e+52 3.9190e+00 5.2035e+00
9.860000e-01 2.272444e+01 6.876154e+09 9.441917e+01 1.615050e-01 8.6262e+51 1.4248e+52 3.8695e+00 5.1361e+00
9.870000e-01 2.191505e+01 5.847503e+09 9.618871e+01 1.672215e-01 8.5466e+51 1.4101e+52 3.8028e+00 5.0889e+00
9.880000e-01 2.215929e+01 5.648782e+09 9.742430e+01 1.706333e-01 8.4290e+51 1.3966e+52 3.7910e+00 5.0708e+00
9.890000e-01 2.219816e+01 5.485022e+09 9.770635e+01 1.722051e-01 8.5385e+51 1.3875e+52 3.7841e+00 5.0467e+00
9.900000e-01 2.250532e+01 5.695175e+09 9.752980e+01 1.737254e-01 8.5394e+51 1.3957e+52 3.7955e+00 5.0319e+00
9.910000e-01 2.274178e+01 5.634122e+09 9.730930e+01 1.744894e-01 8.3821e+51 1.4149e+52 3.7767e+00 5.0025e+00
9.920000e-01 2.245148e+01 5.152231e+09 9.834287e+01 1.759373e-01 8.7357e+51 1.4921e+52 3.7452e+00 5.0125e+00
9.930000e-01 2.137028e+01 4.335548e+09 1.008272e+02 1.796226e-01 9.0454e+51 1.5419e+52 3.7619e+00 5.0546e+00
9.940000e-01 2.088854e+01 3.878828e+09 1.041080e+02 1.830215e-01 8.9222e+51 1.5567e+52 3.7769e+00 5.0888e+00
9.950000e-01 2.021570e+01 3.319020e+09 1.080336e+02 1.863602e-01 9.0872e+51 1.5112e+52 3.8415e+00 5.0955e+00
9.960000e-01 1.978348e+01 2.924037e+09 1.122047e+02 1.906172e-01 8.6804e+51 1.4217e+52 3.7931e+00 5.0067e+00
9.970000e-01 1.919658e+01 2.620620e+09 1.165578e+02 1.937106e-01 8.7848e+51 1.4142e+52 3.6871e+00 4.9330e+00
9.980000e-01 1.874838e+01 2.301443e+09 1.199182e+02 1.969211e-01 8.3324e+51 1.3793e+52 3.6334e+00 4.9010e+00
9.990000e-01 1.869071e+01 2.130825e+09 1.219962e+02 1.998595e-01 8.3291e+51 1.4123e+52 3.6229e+00 4.8903e+00
1.000000e+00 1.851229e+01 1.967416e+09 1.242819e+02 2.036425e-01 8.1220e+51 1.3910e+52 3.6674e+00 4.8891e+00
1.001000e+00 1.821853e+01 1.771037e+09 1.263184e+02 2.054281e-01 8.2086e+51 1.4110e+52 3.6894e+00 4.9353e+00
1.002000e+00 1.810894e+01 1.702377e+09 1.289087e+02 2.088461e-01 8.4469e+51 1.4133e+52 3.7637e+00 5.0294e+00
1.003000e+00 1.760165e+01 1.504714e+09 1.327524e+02 2.106210e-01 8.5043e+51 1.3636e+52 3.7471e+00 4.9402e+00
1.004000e+00 1.721900e+01 1.330403e+09 1.368317e+02 2.121393e-01 8.2362e+51 1.3167e+52 3.7091e+00 4.9105e+00
1.005000e+00 1.704492e+01 1.218405e+09 1.419443e+02 2.134784e-01 7.9892e+51 1.2664e+52 3.6436e+00 4.8649e+00
1.006000e+00 1.623402e+01 9.755593e+08 1.480426e+02 2.161999e-01 7.8252e+51 1.2334e+52 3.6270e+00 4.8644e+00
1.007000e+00 1.554262e+01 8.090215e+08 1.540530e+02 2.170816e-01 8.1594e+51 1.2665e+52 3.6562e+00 4.8773e+00
1.008000e+00 1.517021e+01 6.848495e+08 1.609383e+02 2.205832e-01 8.7528e+51 1.3386e+52 3.6984e+00 4.8963e+00
1.009000e+00 1.451500e+01 5.508604e+08 1.691386e+02 2.249711e-01 9.5835e+51 1.4319e+52 3.7163e+00 4.8926e+00
1.010000e+00 1.393471e+01 4.446991e+08 1.786488e+02 2.274940e-01 9.8484e+51 1.4636e+52 3.7146e+00 4.8895e+00
1.011000e+00 1.341975e+01 3.620224e+08 1.887539e+02 2.328459e-01 9.8544e+51 1.4744e+52 3.7068e+00 4.9336e+00
1.012000e+00 1.279826e+01 2.774020e+08 1.989453e+02 2.362698e-01 9.9582e+51 1.4961e+52 3.7356e+00 4.9704e+00
1.013000e+00 1.221204e+01 2.200332e+08 2.099470e+02 2.381395e-01 1.0335e+52 1.5492e+52 3.7261e+00 5.0096e+00
1.014000e+00 1.205918e+01 2.016425e+08 2.214719e+02 2.395172e-01 1.0579e+52 1.6374e+52 3.8559e+00 5.1579e+00
1.015000e+00 1.139675e+01 1.525539e+08 2.335050e+02 2.407539e-01 1.0043e+52 1.5498e+52 3.8223e+00 5.0209e+00
1.016000e+00 1.138245e+01 1.424838e+08 2.458038e+02 2.422516e-01 9.4506e+51 1.4608e+52 3.8190e+00 5.0026e+00
1.017000e+00 1.106680e+01 1.125914e+08 2.575895e+02 2.418562e-01 9.0607e+51 1.3882e+52 3.8093e+00 4.9694e+00
1.018000e+00 1.062789e+01 7.853489e+07 2.700708e+02 2.423897e-01 8.4537e+51 1.3103e+52 3.7768e+00 4.9351e+00
1.019000e+00 1.026034e+01 7.056974e+07 2.829434e+02 2.421142e-01 8.1320e+51 1.2495e+52 3.7597e+00 4.9159e+00
1.020000e+00 1.033222e+01 7.105315e+07 2.941031e+02 2.422403e-01 7.9827e+51 1.2205e+52 3.7501e+00 4.9008e+00
1.021000e+00 9.727564e+00 5.916016e+07 3.043596e+02 2.433301e-01 7.8332e+51 1.2149e+52 3.7267e+00 4.8836e+00
1.022000e+00 9.303598e+00 5.217797e+07 3.142404e+02 2.423618e-01 7.7821e+51 1.2109e+52 3.7684e+00 4.8992e+00
1.023000e+00 9.591830e+00 5.561948e+07 3.232645e+02 2.434888e-01 7.8700e+51 1.2217e+52 3.8798e+00 4.9615e+00
1.024000e+00 9.904687e+00 6.014274e+07 3.316560e+02 2.442934e-01 7.8048e+51 1.2306e+52 3.9534e+00 5.0344e+00
1.025000e+00 9.743875e+00 5.716889e+07 3.392335e+02 2.444217e-01 7.8656e+51 1.2308e+52 3.9988e+00 5.0516e+00
1.026000e+00 9.655559e+00 5.593721e+07 3.457419e+02 2.441565e-01 8.0200e+51 1.1986e+52 3.8787e+00 4.9888e+00
1.027000e+00 9.542918e+00 5.450578e+07 3.516708e+02 2.439140e-01 7.3936e+51 1.1709e+52 3.8357e+00 4.9290e+00
1.028000e+00 9.452632e+00 5.301257e+07 3.567621e+02 2.445855e-01 7.2395e+51 1.1485e+52 3.8141e+00 4.9096e+00
1.029000e+00 9.453217e+00 5.300458e+07 3.608869e+02 2.456147e-01 7.2383e+51 1.1384e+52 3.8022e+00 4.8975e+00
1.030000e+00 9.421106e+00 5.237493e+07 3.642061e+02 2.464425e-01 7.1079e+51 1.1289e+52 3.7792e+00 4.9027e+00
1.031000e+00 9.348548e+00 5.108758e+07 3.669943e+02 2.461796e-01 7.1156e+51 1.1279e+52 3.7795e+00 4.9088e+00
1.032000e+00 9.124721e+00 4.791779e+07 3.689503e+02 2.456639e-01 7.2837e+51 1.1420e+52 3.7963e+00 4.9186e+00
1.033000e+00 8.844615e+00 4.389458e+07 3.697773e+02 2.457778e-01 7.3673e+51 1.1528e+52 3.8016e+00 4.9332e+00
1.034000e+00 8.851054e+00 4.375921e+07 3.697889e+02 2.464544e-01 7.6436e+51 1.1521e+52 3.7097e+00 4.9359e+00
1.035000e+00 8.971813e+00 4.502379e+07 3.697875e+02 2.477653e-01 7.4437e+51 1.1392e+52 3.7633e+00 4.9327e+00
1.036000e+00 9.155567e+00 4.726997e+07 3.698450e+02 2.492429e-01 7.3223e+51 1.1239e+52 3.7947e+00 4.9289e+00
1.037000e+00 9.400792e+00 5.059960e+07 3.702163e+02 2.510920e-01 7.0667e+51 1.1035e+52 3.7632e+00 4.9131e+00
1.038000e+00 9.564744e+00 5.272874e+07 3.710182e+02 2.530343e-01 6.8825e+51 1.0844e+52 3.7249e+00 4.8739e+00
1.039000e+00 9.709540e+00 5.447714e+07 3.723802e+02 2.552182e-01 6.7172e+51 1.0661e+52 3.7225e+00 4.8795e+00
1.040000e+00 9.605921e+00 5.236923e+07 3.736690e+02 2.571490e-01 6.8470e+51 1.0766e+52 3.7146e+00 4.8876e+00
1.041000e+00 9.508142e+00 5.047034e+07 3.747447e+02 2.589173e-01 6.9407e+51 1.0994e+52 3.7200e+00 4.8944e+00
1.042000e+00 9.446986e+00 4.927582e+07 3.754353e+02 2.603723e-01 7.1220e+51 1.1237e+52 3.7233e+00 4.9223e+00
1.043000e+00 9.596297e+00 5.153974e+07 3.766388e+02 2.614709e-01 7.1070e+51 1.1247e+52 3.7336e+00 4.9366e+00
1.044000e+00 9.573716e+00 5.117695e+07 3.785998e+02 2.623023e-01 7.1570e+51 1.1284e+52 3.7370e+00 4.9531e+00
1.045000e+00 9.216358e+00 4.578468e+07 3.797852e+02 2.623859e-01 7.3331e+51 1.1567e+52 3.7728e+00 4.9840e+00
1.046000e+00 8.905651e+00 4.128197e+07 3.793188e+02 2.622208e-01 7.6424e+51 1.1853e+52 3.7898e+00 4.9910e+00
1.047000e+00 9.252480e+00 4.603763e+07 3.781657e+02 2.634002e-01 7.8966e+51 1.2095e+52 3.8095e+00 5.0229e+00
1.048000e+00 9.527225e+00 5.012552e+07 3.772642e+02 2.639262e-01 7.3586e+51 1.1921e+52 3.9458e+00 5.0366e+00
1.049000e+00 9.285715e+00 4.679182e+07 3.757227e+02 2.638131e-01 7.2215e+51 1.2083e+52 4.0169e+00 5.1082e+00
1.050000e+00 9.131457e+00 4.435543e+07 3.733554e+02 2.644362e-01 6.9709e+51 1.1660e+52 3.9130e+00 4.9902e+00
1.051000e+00 9.448241e+00 4.891251e+07 3.708460e+02 2.650468e-01 6.7196e+51 1.1320e+52 3.8210e+00 4.9477e+00
1.052000e+00 9.707527e+00 5.298514e+07 3.691721e+02 2.650743e-01 6.5886e+51 1.1053e+52 3.7571e+00 4.9163e+00
1.053000e+00 9.479701e+00 4.940592e+07 3.669812e+02 2.652721e-01 6.4436e+51 1.1030e+52 3.7211e+00 4.9234e+00
1.054000e+00 9.295678e+00 4.657639e+07 3.635663e+02 2.654265e-01 6.4964e+51 1.1078e+52 3.7070e+00 4.9255e+00
1.055000e+00 9.314588e+00 4.669470e+07 3.594273e+02 2.656666e-01 6.4309e+51 1.1031e+52 3.7008e+00 4.9311e+00
1.056000e+00 9.598679e+00 5.082809e+07 3.549099e+02 2.659072e-01 6.4783e+51 1.1150e+52 3.6865e+00 4.9351e+00
1.057000e+00 9.903761e+00 5.542733e+07 3.509611e+02 2.664539e-01 6.4797e+51 1.1162e+52 3.6852e+00 4.9400e+00
1.058000e+00 9.713973e+00 5.218326e+07 3.470579e+02 2.666925e-01 6.5435e+51 1.1274e+52 3.7013e+00 4.9569e+00
1.059000e+00 9.432798e+00 4.790991e+07 3.420252e+02 2.660086e-01 6.6381e+51 1.1531e+52 3.7244e+00 4.9820e+00
1.060000e+00 1.012065e+01 5.909318e+07 3.359605e+02 2.651995e-01 6.5780e+51 1.1526e+52 3.7102e+00 4.9593e+00
1.061000e+00 1.099611e+01 7.451171e+07 3.326865e+02 2.657622e-01 6.4291e+51 1.1338e+52 3.6764e+00 4.9151e+00
1.062000e+00 1.113295e+01 7.698747e+07 3.297981e+02 2.663819e-01 6.5645e+51 1.1560e+52 3.6877e+00 4.9239e+00
1.063000e+00 1.082561e+01 7.087945e+07 3.263973e+02 2.664908e-01 6.6522e+51 1.1725e+52 3.6746e+00 4.9304e+00
1.064000e+00 1.074273e+01 6.927768e+07 3.224105e+02 2.664432e-01 6.7018e+51 1.1699e+52 3.6485e+00 4.9252e+00
1.065000e+00 1.073706e+01 6.925967e+07 3.186466e+02 2.658978e-01 6.7462e+51 1.1682e+52 3.6402e+00 4.9398e+00
1.066000e+00 1.065014e+01 6.782508e+07 3.141058e+02 2.652072e-01 6.9434e+51 1.1726e+52 3.6176e+00 4.9602e+00
1.067000e+00 1.078242e+01 7.010713e+07 3.095857e+02 2.655433e-01 6.8622e+51 1.1855e+52 3.6435e+00 4.9654e+00
1.068000e+00 1.095685e+01 7.324904e+07 3.051640e+02 2.660689e-01 6.9635e+51 1.1811e+52 3.6310e+00 4.9490e+00
1.069000e+00 1.137228e+01 8.162921e+07 3.015625e+02 2.658256e-01 6.8158e+51 1.1833e+52 3.6093e+00 4.9585e+00
1.070000e+00 1.127536e+01 7.912016e+07 2.980950e+02 2.669604e-01 6.9243e+51 1.1914e+52 3.6269e+00 4.9830e+00
1.071000e+00 1.132961e+01 7.995062e+07 2.945365e+02 2.672713e-01 7.0341e+51 1.1973e+52 3.6246e+00 4.9787e+00
1.072000e+00 1.136368e+01 8.003111e+07 2.912001e+02 2.687031e-01 7.3355e+51 1.2334e+52 3.6471e+00 4.9991e+00
1.073000e+00 1.132828e+01 7.908307e+07 2.880031e+02 2.687493e-01 7.4097e+51 1.2459e+52 3.6339e+00 5.0110e+00
1.074000e+00 1.106358e+01 7.334014e+07 2.837874e+02 2.702112e-01 7.5742e+51 1.2679e+52 3.6339e+00 5.0388e+00
1.075000e+00 1.163372e+01 8.454348e+07 2.801191e+02 2.707730e-01 7.7746e+51 1.2886e+52 3.6539e+00 5.0253e+00
1.076000e+00 1.126445e+01 1.169226e+08 2.788151e+02 2.732978e-01 7.9980e+51 1.2865e+52 3.6441e+00 5.0011e+00
1.077000e+00 1.152036e+01 1.285268e+08 2.794858e+02 2.754912e-01 7.9414e+51 1.2838e+52 3.6344e+00 5.0006e+00
1.078000e+00 1.127467e+01 1.154592e+08 2.796734e+02 2.773083e-01 7.9933e+51 1.3023e+52 3.6585e+00 5.0215e+00
1.079000e+00 1.114116e+01 1.082692e+08 2.784779e+02 2.792104e-01 8.4117e+51 1.3134e+52 3.6065e+00 5.0291e+00
1.080000e+00 1.135986e+01 9.536605e+07 2.764864e+02 2.802183e-01 8.2051e+51 1.3368e+52 3.6740e+00 5.0355e+00
1.081000e+00 1.134072e+01 7.502091e+07 2.754833e+02 2.803706e-01 8.3429e+51 1.3606e+52 3.6754e+00 5.0439e+00
1.082000e+00 1.140744e+01 7.627927e+07 2.740966e+02 2.805194e-01 8.6434e+51 1.3763e+52 3.6753e+00 5.0409e+00
1.083000e+00 1.211377e+01 9.556956e+07 2.739117e+02 2.808297e-01 8.5194e+51 1.3501e+52 3.6421e+00 5.0141e+00
1.084000e+00 1.146009e+01 1.054008e+08 2.761837e+02 2.820853e-01 8.4901e+51 1.3673e+52 3.6634e+00 5.0191e+00
1.085000e+00 1.166221e+01 8.057782e+07 2.775333e+02 2.825660e-01 9.3242e+51 1.3964e+52 3.5709e+00 5.0084e+00
1.086000e+00 1.146012e+01 7.620743e+07 2.781952e+02 2.827247e-01 9.1364e+51 1.3823e+52 3.6377e+00 5.0515e+00
1.087000e+00 1.160236e+01 7.878103e+07 2.787203e+02 2.828162e-01 8.7028e+51 1.3616e+52 3.6514e+00 5.0262e+00
1.088000e+00 1.176904e+01 8.202965e+07 2.805295e+02 2.828936e-01 8.5843e+51 1.3562e+52 3.6501e+00 5.0153e+00
1.089000e+00 1.161993e+01 7.869977e+07 2.828590e+02 2.832770e-01 8.6909e+51 1.3757e+52 3.6515e+00 5.0061e+00
1.090000e+00 1.145999e+01 7.528119e+07 2.854818e+02 2.837441e-01 8.7423e+51 1.3546e+52 3.6537e+00 5.0221e+00
1.091000e+00 1.138791e+01 7.359559e+07 2.885316e+02 2.838879e-01 8.6173e+51 1.3447e+52 3.6332e+00 5.0146e+00
1.092000e+00 1.119733e+01 6.978750e+07 2.920540e+02 2.846110e-01 8.7102e+51 1.3643e+52 3.6475e+00 5.0298e+00
1.093000e+00 1.115679e+01 6.891864e+07 2.957868e+02 2.849969e-01 8.6873e+51 1.3452e+52 3.6466e+00 5.0064e+00
1.094000e+00 1.124922e+01 7.046729e+07 3.007410e+02 2.859032e-01 8.5362e+51 1.3408e+52 3.6349e+00 4.9767e+00
1.095000e+00 1.112070e+01 6.823194e+07 3.060026e+02 2.862302e-01 8.5484e+51 1.3483e+52 3.6358e+00 5.0047e+00
1.096000e+00 1.060444e+01 5.942234e+07 3.108309e+02 2.860900e-01 8.7331e+51 1.3520e+52 3.6506e+00 5.0296e+00
1.097000e+00 1.073519e+01 6.155312e+07 3.156373e+02 2.861567e-01 8.6271e+51 1.3304e+52 3.6429e+00 5.0230e+00
1.098000e+00 1.061967e+01 5.960887e+07 3.212790e+02 2.866362e-01 8.8857e+51 1.3320e+52 3.6027e+00 5.0289e+00
1.099000e+00 1.034542e+01 5.504510e+07 3.263912e+02 2.871623e-01 8.8596e+51 1.3427e+52 3.6666e+00 5.0482e+00
1.100000e+00 1.020149e+01 5.235448e+07 3.314245e+02 2.880150e-01 9.0233e+51 1.3551e+52 3.6689e+00 5.0504e+00
1.101000e+00 1.042924e+01 5.554870e+07 3.371312e+02 2.887612e-01 8.8893e+51 1.3396e+52 3.6555e+00 5.0279e+00
1.102000e+00 1.033134e+01 5.392658e+07 3.438326e+02 2.891757e-01 8.9319e+51 1.3464e+52 3.6712e+00 5.0358e+00
1.103000e+00 1.011593e+01 5.063363e+07 3.501987e+02 2.893093e-01 8.8955e+51 1.3368e+52 3.6339e+00 5.0255e+00
1.104000e+00 9.977619e+00 4.861148e+07 3.566089e+02 2.892061e-01 9.5730e+51 1.3399e+52 3.4943e+00 4.9886e+00
1.105000e+00 9.760866e+00 4.557070e+07 3.628605e+02 2.891492e-01 9.1751e+51 1.3476e+52 3.5955e+00 5.0118e+00
1.106000e+00 9.614778e+00 4.354081e+07 3.688385e+02 2.893278e-01 9.2345e+51 1.3342e+52 3.6158e+00 5.0041e+00
1.107000e+00 9.451006e+00 4.135226e+07 3.748023e+02 2.894927e-01 9.3861e+51 1.3379e+52 3.6514e+00 5.0156e+00
1.108000e+00 9.234827e+00 3.861105e+07 3.806557e+02 2.896313e-01 1.0068e+52 1.2930e+52 3.6239e+00 4.9545e+00
1.109000e+00 9.086352e+00 3.676978e+07 3.864852e+02 2.897041e-01 9.7280e+51 1.3278e+52 3.6759e+00 4.9583e+00
1.110000e+00 9.206917e+00 3.822956e+07 3.929097e+02 2.896502e-01 1.0024e+52 1.3376e+52 3.6061e+00 4.9556e+00
1.111000e+00 9.472046e+00 4.157015e+07 4.009763e+02 2.896768e-01 9.9041e+51 1.3522e+52 3.6330e+00 4.9580e+00
1.112000e+00 9.379818e+00 4.039152e+07 4.099982e+02 2.897086e-01 1.0677e+52 1.3560e+52 3.5289e+00 4.9593e+00
1.113000e+00 9.182175e+00 3.790832e+07 4.187192e+02 2.897053e-01 1.0221e+52 1.3585e+52 3.6036e+00 4.9797e+00
1.114000e+00 9.006047e+00 3.579772e+07 4.267483e+02 2.896059e-01 1.0124e+52 1.3486e+52 3.7244e+00 4.9718e+00
1.115000e+00 8.851648e+00 3.402319e+07 4.341299e+02 2.895298e-01 1.0063e+52 1.3880e+52 3.7325e+00 4.9430e+00
1.116000e+00 8.746690e+00 3.280788e+07 4.413393e+02 2.894726e-01 1.0980e+52 1.4220e+52 3.6113e+00 4.9647e+00
1.117000e+00 8.697712e+00 3.228737e+07 4.487814e+02 2.893933e-01 1.1026e+52 1.4401e+52 3.6188e+00 4.9883e+00
1.118000e+00 8.616930e+00 3.142451e+07 4.562216e+02 2.894008e-01 1.0617e+52 1.4705e+52 3.7159e+00 5.0193e+00
1.119000e+00 8.497115e+00 3.008794e+07 4.632547e+02 2.894570e-01 1.0828e+52 1.4623e+52 3.6663e+00 5.0319e+00
1.120000e+00 8.419379e+00 2.939958e+07 4.699813e+02 2.892673e-01 1.0578e+52 1.4834e+52 3.7220e+00 5.0155e+00
1.121000e+00 8.380908e+00 2.905300e+07 4.767504e+02 2.890818e-01 1.0690e+52 1.5212e+52 3.7214e+00 5.0079e+00
1.122000e+00 8.263849e+00 2.796317e+07 4.834301e+02 2.888411e-01 1.1142e+52 1.5350e+52 3.6838e+00 5.0295e+00
1.123000e+00 8.106366e+00 2.647496e+07 4.896203e+02 2.887469e-01 1.0921e+52 1.5400e+52 3.7245e+00 5.0448e+00
1.124000e+00 8.016140e+00 2.568958e+07 4.954961e+02 2.885611e-01 1.0942e+52 1.5277e+52 3.7032e+00 5.0468e+00
1.125000e+00 7.986082e+00 2.541250e+07 5.014193e+02 2.886253e-01 1.0934e+52 1.5435e+52 3.7184e+00 5.0515e+00
1.126000e+00 7.965710e+00 2.530290e+07 5.074930e+02 2.884991e-01 1.1426e+52 1.5476e+52 3.7006e+00 5.0616e+00
1.127000e+00 8.119666e+00 2.675125e+07 5.142011e+02 2.886747e-01 1.1537e+52 1.5486e+52 3.6588e+00 5.0576e+00
1.128000e+00 8.235387e+00 2.796468e+07 5.219467e+02 2.886547e-01 1.1064e+52 1.5326e+52 3.6595e+00 5.0425e+00
1.129000e+00 8.125734e+00 2.683185e+07 5.298299e+02 2.887995e-01 1.1125e+52 1.5463e+52 3.6874e+00 5.0110e+00
1.130000e+00 8.021916e+00 2.581483e+07 5.371796e+02 2.888668e-01 1.1237e+52 1.5701e+52 3.6880e+00 5.0048e+00
1.131000e+00 7.965704e+00 2.527796e+07 5.440803e+02 2.889563e-01 1.1197e+52 1.5405e+52 3.6801e+00 5.0399e+00
1.132000e+00 7.944227e+00 2.507969e+07 5.509314e+02 2.889511e-01 1.1211e+52 1.5538e+52 3.6619e+00 5.0247e+00
1.133000e+00 7.898807e+00 2.469107e+07 5.581444e+02 2.891044e-01 1.1490e+52 1.5460e+52 3.6088e+00 4.9997e+00
1.134000e+00 7.766516e+00 2.349945e+07 5.655476e+02 2.886959e-01 1.1236e+52 1.5438e+52 3.6815e+00 5.0191e+00
1.135000e+00 7.624332e+00 2.229482e+07 5.726550e+02 2.887720e-01 1.1278e+52 1.5677e+52 3.7259e+00 5.0250e+00
1.136000e+00 7.503949e+00 2.124755e+07 5.791579e+02 2.882049e-01 1.1266e+52 1.5729e+52 3.7197e+00 5.0076e+00
1.137000e+00 7.424518e+00 2.058346e+07 5.850448e+02 2.880887e-01 1.1129e+52 1.5475e+52 3.7649e+00 5.0376e+00
1.138000e+00 7.375814e+00 2.019785e+07 5.905276e+02 2.880262e-01 1.1019e+52 1.5342e+52 3.7591e+00 5.0359e+00
1.139000e+00 7.368979e+00 2.017352e+07 5.960486e+02 2.875613e-01 1.1160e+52 1.5492e+52 3.7487e+00 5.0209e+00
1.140000e+00 7.392486e+00 2.042807e+07 6.016350e+02 2.874381e-01 1.1241e+52 1.5679e+52 3.8083e+00 5.0421e+00
1.141000e+00 7.564215e+00 2.184849e+07 6.075138e+02 2.868169e-01 1.1927e+52 1.5925e+52 3.7604e+00 5.0475e+00
1.142000e+00 7.741790e+00 2.340826e+07 6.144750e+02 2.867948e-01 1.1840e+52 1.6425e+52 3.8291e+00 5.0440e+00
1.143000e+00 7.605734e+00 2.217108e+07 6.222505e+02 2.859844e-01 1.2508e+52 1.6540e+52 3.7400e+00 5.0186e+00
1.144000e+00 7.370396e+00 2.028094e+07 6.297957e+02 2.856706e-01 1.2982e+52 1.6726e+52 3.7353e+00 5.0233e+00
1.145000e+00 7.136406e+00 1.831530e+07 6.367734e+02 2.855939e-01 1.2845e+52 1.6535e+52 3.7855e+00 5.0552e+00
1.146000e+00 7.011983e+00 1.741996e+07 6.430850e+02 2.854473e-01 1.3246e+52 1.7149e+52 3.8643e+00 5.1151e+00
1.147000e+00 6.955761e+00 1.702127e+07 6.485876e+02 2.853711e-01 1.2864e+52 1.7399e+52 3.9044e+00 5.1216e+00
1.148000e+00 6.850606e+00 1.625233e+07 6.532393e+02 2.850357e-01 1.3974e+52 1.7616e+52 3.8406e+00 5.1443e+00
1.149000e+00 6.664221e+00 1.502860e+07 6.572542e+02 2.848508e-01 1.4318e+52 1.8109e+52 3.8549e+00 5.1635e+00
1.150000e+00 6.439038e+00 1.361507e+07 6.608987e+02 2.850847e-01 1.3841e+52 1.8385e+52 4.0021e+00 5.2256e+00
1.151000e+00 6.285777e+00 1.258667e+07 6.642632e+02 2.851720e-01 1.5042e+52 1.8565e+52 3.9409e+00 5.2707e+00
1.152000e+00 6.380634e+00 1.309737e+07 6.675296e+02 2.850027e-01 1.5756e+52 1.9149e+52 3.9811e+00 5.3216e+00
1.153000e+00 6.725430e+00 1.530194e+07 6.721497e+02 2.850864e-01 1.5035e+52 1.9189e+52 4.1093e+00 5.3058e+00
1.154000e+00 7.000568e+00 1.716840e+07 6.782942e+02 2.849175e-01 1.5015e+52 1.9563e+52 4.1789e+00 5.3036e+00
1.155000e+00 6.903793e+00 1.633788e+07 6.848059e+02 2.848040e-01 1.5465e+52 1.9525e+52 4.1636e+00 5.3290e+00
1.156000e+00 6.744203e+00 1.531493e+07 6.907218e+02 2.843638e-01 1.5644e+52 1.9058e+52 4.1531e+00 5.3640e+00
1.157000e+00 6.593262e+00 1.417206e+07 6.959165e+02 2.847551e-01 1.5252e+52 1.9378e+52 4.2716e+00 5.4033e+00
1.158000e+00 6.791231e+00 1.540839e+07 7.013370e+02 2.848390e-01 1.5879e+52 1.9451e+52 4.2789e+00 5.4363e+00
1.159000e+00 6.982142e+00 1.666951e+07 7.077275e+02 2.843191e-01 1.5973e+52 1.9634e+52 4.3552e+00 5.4699e+00
1.160000e+00 6.966065e+00 1.649540e+07 7.145423e+02 2.845915e-01 1.6678e+52 1.9656e+52 4.3317e+00 5.5004e+00
1.161000e+00 6.803205e+00 1.533788e+07 7.206512e+02 2.843834e-01 1.7485e+52 2.0310e+52 4.3876e+00 5.5349e+00
1.162000e+00 6.650741e+00 1.438102e+07 7.257068e+02 2.843121e-01 1.7109e+52 2.0863e+52 4.4917e+00 5.5483e+00
1.163000e+00 6.635983e+00 1.416807e+07 7.298758e+02 2.851627e-01 1.8045e+52 2.1361e+52 4.5842e+00 5.6245e+00
1.164000e+00 6.734962e+00 1.463121e+07 7.338336e+02 2.861156e-01 1.9926e+52 2.1981e+52 4.5223e+00 5.6785e+00
1.165000e+00 6.831426e+00 1.520036e+07 7.378602e+02 2.864853e-01 1.9137e+52 2.2450e+52 4.5797e+00 5.6585e+00
1.166000e+00 6.827672e+00 1.518071e+07 7.418867e+02 2.863604e-01 1.9169e+52 2.2412e+52 4.4687e+00 5.6326e+00
1.167000e+00 6.713157e+00 1.447928e+07 7.455830e+02 2.861258e-01 1.9782e+52 2.3010e+52 4.4747e+00 5.6627e+00
1.168000e+00 6.552795e+00 1.345688e+07 7.486778e+02 2.862700e-01 1.9506e+52 2.3341e+52 4.5169e+00 5.6712e+00
1.169000e+00 6.463193e+00 1.284916e+07 7.512351e+02 2.871030e-01 2.0313e+52 2.3766e+52 4.5419e+00 5.7134e+00
1.170000e+00 6.465225e+00 1.268805e+07 7.535243e+02 2.892049e-01 2.0154e+52 2.3846e+52 4.5763e+00 5.7650e+00
1.171000e+00 6.470942e+00 1.260990e+07 7.556253e+02 2.902148e-01 2.0098e+52 2.3994e+52 4.6355e+00 5.8116e+00
1.172000e+00 6.433556e+00 1.239867e+07 7.574762e+02 2.899089e-01 2.0360e+52 2.4737e+52 4.6599e+00 5.8705e+00
1.173000e+00 6.347815e+00 1.201215e+07 7.589743e+02 2.890001e-01 2.0904e+52 2.5169e+52 4.6969e+00 5.8927e+00
1.174000e+00 6.232956e+00 1.127443e+07 7.600758e+02 2.907012e-01 2.2516e+52 2.7439e+52 4.7588e+00 5.8958e+00
1.175000e+00 6.121819e+00 1.059629e+07 7.607516e+02 2.914958e-01 2.4070e+52 2.8581e+52 4.7398e+00 5.9011e+00
1.176000e+00 6.100783e+00 1.042292e+07 7.611108e+02 2.916402e-01 2.4132e+52 2.9701e+52 4.6884e+00 5.8816e+00
1.177000e+00 6.198584e+00 1.091909e+07 7.614229e+02 2.914944e-01 2.4993e+52 3.0853e+52 4.6619e+00 5.8649e+00
1.178000e+00 6.333907e+00 1.168453e+07 7.619727e+02 2.912104e-01 2.5110e+52 3.1072e+52 4.6482e+00 5.8496e+00
1.179000e+00 6.404641e+00 1.208445e+07 7.628336e+02 2.912486e-01 2.4270e+52 2.9999e+52 4.6666e+00 5.8357e+00
1.180000e+00 6.450241e+00 1.227227e+07 7.641092e+02 2.922312e-01 2.3240e+52 2.9275e+52 4.6220e+00 5.8383e+00
1.181000e+00 6.449008e+00 1.217143e+07 7.658018e+02 2.933182e-01 2.2141e+52 2.7916e+52 4.5368e+00 5.7970e+00
1.182000e+00 6.353763e+00 1.153067e+07 7.675759e+02 2.938675e-01 2.2924e+52 2.8161e+52 4.4779e+00 5.8170e+00
1.183000e+00 6.186583e+00 1.061913e+07 7.690311e+02 2.934532e-01 2.2460e+52 2.8987e+52 4.5809e+00 5.8862e+00
1.184000e+00 5.965597e+00 9.532431e+06 7.699073e+02 2.930098e-01 2.3501e+52 3.0706e+52 4.5811e+00 5.9023e+00
1.185000e+00 5.758859e+00 8.506602e+06 7.701319e+02 2.938224e-01 2.5204e+52 3.2427e+52 4.5962e+00 5.9720e+00
1.186000e+00 6.146575e+00 1.002602e+07 7.704975e+02 2.955187e-01 2.6445e+52 3.4819e+52 4.6526e+00 5.9606e+00
1.187000e+00 6.988776e+00 1.411950e+07 7.738351e+02 2.990606e-01 2.6920e+52 3.5315e+52 4.6566e+00 5.9594e+00
1.188000e+00 7.340417e+00 1.623777e+07 7.794757e+02 2.999367e-01 2.7981e+52 3.6094e+52 4.6580e+00 6.0001e+00
1.189000e+00 7.226022e+00 1.571249e+07 7.855314e+02 2.997104e-01 2.8504e+52 3.6492e+52 4.6869e+00 6.0015e+00
1.190000e+00 6.936341e+00 1.397594e+07 7.905697e+02 2.993261e-01 2.7297e+52 3.5653e+52 4.6787e+00 5.9453e+00
1.191000e+00 6.610780e+00 1.206293e+07 7.942285e+02 2.989877e-01 2.8755e+52 3.6297e+52 4.6978e+00 5.9877e+00
1.192000e+00 6.392989e+00 1.088458e+07 7.967462e+02 2.986761e-01 2.8674e+52 3.6195e+52 4.7474e+00 6.0087e+00
1.193000e+00 6.202562e+00 9.935133e+06 7.985076e+02 2.985525e-01 2.7275e+52 3.4857e+52 4.7341e+00 5.9688e+00
1.194000e+00 5.971631e+00 8.859938e+06 7.995315e+02 2.986196e-01 2.5427e+52 3.3051e+52 4.6470e+00 5.9359e+00
1.195000e+00 5.783648e+00 8.024670e+06 7.997828e+02 2.987378e-01 2.4132e+52 3.2426e+52 4.5929e+00 5.9269e+00
1.196000e+00 6.000439e+00 8.849054e+06 8.000681e+02 2.996657e-01 2.4968e+52 3.2750e+52 4.6696e+00 6.0617e+00
1.197000e+00 6.496565e+00 1.109361e+07 8.018954e+02 3.014488e-01 2.4297e+52 3.2420e+52 4.8316e+00 6.0752e+00
1.198000e+00 6.735204e+00 1.234495e+07 8.051269e+02 3.021546e-01 2.6156e+52 3.3547e+52 4.8882e+00 6.1061e+00
1.199000e+00 6.784382e+00 1.267412e+07 8.087841e+02 3.019775e-01 2.6046e+52 3.3932e+52 4.8953e+00 6.1329e+00
1.200000e+00 6.680529e+00 1.214517e+07 8.121992e+02 3.013155e-01 3.0203e+52 3.7509e+52 4.8720e+00 6.1175e+00
1.201000e+00 6.481467e+00 1.107400e+07 8.148721e+02 3.008061e-01 2.9117e+52 3.7156e+52 4.7919e+00 5.9667e+00
1.202000e+00 6.282014e+00 1.006303e+07 8.166762e+02 3.005163e-01 2.4549e+52 3.4885e+52 4.8029e+00 5.8562e+00
1.203000e+00 6.102752e+00 9.220536e+06 8.177806e+02 3.002665e-01 2.5033e+52 3.2814e+52 4.6028e+00 5.8575e+00
1.204000e+00 5.939616e+00 8.496605e+06 8.182940e+02 3.001291e-01 2.2786e+52 3.0749e+52 4.5963e+00 5.8820e+00
1.205000e+00 5.780078e+00 7.802842e+06 8.182520e+02 3.001758e-01 2.1983e+52 2.9993e+52 4.6679e+00 5.9466e+00
1.206000e+00 5.647962e+00 7.230373e+06 8.177091e+02 3.001148e-01 2.2838e+52 3.1497e+52 4.6995e+00 5.9925e+00
1.207000e+00 5.677543e+00 7.323627e+06 8.169445e+02 2.996748e-01 2.2789e+52 3.0879e+52 4.8186e+00 6.0841e+00
1.208000e+00 6.192584e+00 9.384845e+06 8.171662e+02 3.004465e-01 2.4263e+52 3.2015e+52 4.8175e+00 6.1212e+00
1.209000e+00 6.886036e+00 1.272938e+07 8.201843e+02 3.032013e-01 2.5591e+52 3.4915e+52 4.8497e+00 6.0142e+00
1.210000e+00 6.878741e+00 1.281222e+07 8.245009e+02 3.047160e-01 2.4297e+52 3.3633e+52 4.7626e+00 5.9030e+00
1.211000e+00 6.663311e+00 1.187623e+07 8.282346e+02 3.045459e-01 2.2821e+52 3.1122e+52 4.6341e+00 5.8138e+00
1.212000e+00 6.373980e+00 1.044033e+07 8.307799e+02 3.038456e-01 1.7949e+52 3.1314e+52 5.0642e+00 5.8000e+00
1.213000e+00 6.143343e+00 9.308613e+06 8.320578e+02 3.033309e-01 2.1364e+52 3.1601e+52 4.8145e+00 5.8978e+00
1.214000e+00 6.019815e+00 8.713691e+06 8.324660e+02 3.026440e-01 2.2949e+52 3.2069e+52 4.7825e+00 5.9964e+00
1.215000e+00 5.889855e+00 8.138344e+06 8.322930e+02 3.012330e-01 2.7104e+52 3.5173e+52 4.7485e+00 6.0319e+00
1.216000e+00 5.699646e+00 7.375376e+06 8.315453e+02 3.014461e-01 2.8342e+52 3.6512e+52 4.8184e+00 6.0832e+00
1.217000e+00 5.527863e+00 6.726427e+06 8.302405e+02 3.029456e-01 2.9322e+52 3.6364e+52 4.6610e+00 5.9794e+00
1.218000e+00 5.507480e+00 6.671253e+06 8.284804e+02 3.033385e-01 3.2603e+52 3.9087e+52 4.5747e+00 6.0513e+00
1.219000e+00 5.882358e+00 8.052314e+06 8.270662e+02 3.042601e-01 3.5359e+52 4.1802e+52 4.9457e+00 6.6132e+00
1.220000e+00 6.212748e+00 9.387206e+06 8.269286e+02 3.051515e-01 3.0463e+52 3.2185e+52 4.9682e+00 6.0966e+00
1.221000e+00 6.240318e+00 9.529324e+06 8.274334e+02 3.053997e-01 3.0347e+52 3.5436e+52 4.7859e+00 6.0270e+00
1.222000e+00 6.185384e+00 9.290695e+06 8.277458e+02 3.056533e-01 3.4134e+52 3.9253e+52 4.8541e+00 6.0466e+00
1.223000e+00 6.351494e+00 9.913647e+06 8.282918e+02 3.074151e-01 3.3476e+52 3.9042e+52 4.8119e+00 5.9944e+00
1.224000e+00 6.516959e+00 1.059186e+07 8.298633e+02 3.097315e-01 3.2921e+52 3.8960e+52 4.6559e+00 5.8680e+00
1.225000e+00 6.500978e+00 1.048112e+07 8.320789e+02 3.112423e-01 2.9243e+52 3.5583e+52 4.5785e+00 5.8425e+00
1.226000e+00 6.349060e+00 9.757918e+06 8.341491e+02 3.116990e-01 2.8851e+52 3.6000e+52 4.6122e+00 5.9362e+00
1.227000e+00 6.131257e+00 8.763521e+06 8.355247e+02 3.116039e-01 2.9007e+52 3.6781e+52 4.5673e+00 5.9039e+00
1.228000e+00 5.922799e+00 7.872081e+06 8.360385e+02 3.113644e-01 2.6598e+52 3.3946e+52 4.6877e+00 6.0208e+00
1.229000e+00 5.747965e+00 7.192384e+06 8.357837e+02 3.109186e-01 2.9789e+52 3.8164e+52 4.6667e+00 5.9911e+00
1.230000e+00 5.695255e+00 7.001408e+06 8.349260e+02 3.121135e-01 3.1336e+52 4.0440e+52 4.7096e+00 6.0342e+00
1.231000e+00 6.172662e+00 8.781028e+06 8.349896e+02 3.155724e-01 3.0914e+52 3.9717e+52 4.6617e+00 6.0093e+00
1.232000e+00 6.656655e+00 1.078477e+07 8.372850e+02 3.177242e-01 3.4004e+52 4.3329e+52 4.7621e+00 6.0678e+00
1.233000e+00 6.701389e+00 1.103653e+07 8.405418e+02 3.175065e-01 3.5127e+52 4.4115e+52 4.8238e+00 6.1014e+00
1.234000e+00 6.353315e+00 9.369519e+06 8.430377e+02 3.173098e-01 3.2194e+52 4.0514e+52 4.7596e+00 6.0441e+00
1.235000e+00 6.007364e+00 7.893257e+06 8.442111e+02 3.175956e-01 3.2799e+52 4.1797e+52 4.7333e+00 6.0194e+00
1.236000e+00 5.789770e+00 7.049662e+06 8.444786e+02 3.179661e-01 3.3854e+52 4.2870e+52 4.7489e+00 6.0380e+00
1.237000e+00 5.637248e+00 6.513030e+06 8.443307e+02 3.181659e-01 3.3673e+52 4.2808e+52 4.7160e+00 6.0153e+00
1.238000e+00 5.653424e+00 6.579428e+06 8.441127e+02 3.186149e-01 3.1501e+52 4.0469e+52 4.6457e+00 5.9493e+00
1.239000e+00 6.125433e+00 8.328220e+06 8.452401e+02 3.208028e-01 2.8552e+52 3.7341e+52 4.5710e+00 5.8867e+00
1.240000e+00 6.583495e+00 1.020837e+07 8.488864e+02 3.230790e-01 2.6343e+52 3.4460e+52 4.5964e+00 5.9477e+00
1.241000e+00 6.763262e+00 1.100794e+07 8.539282e+02 3.236448e-01 2.6988e+52 3.5423e+52 4.5985e+00 5.9608e+00
1.242000e+00 6.648707e+00 1.046109e+07 8.590028e+02 3.229212e-01 2.7498e+52 3.5989e+52 4.5829e+00 5.9448e+00
1.243000e+00 6.433447e+00 9.444377e+06 8.630083e+02 3.233870e-01 2.7777e+52 3.6435e+52 4.6649e+00 6.0057e+00
1.244000e+00 6.268190e+00 8.704544e+06 8.662615e+02 3.240798e-01 2.9452e+52 3.8594e+52 4.6684e+00 5.9893e+00
1.245000e+00 6.104278e+00 8.023349e+06 8.688918e+02 3.244914e-01 2.9222e+52 3.8292e+52 4.6221e+00 5.9124e+00
1.246000e+00 5.913700e+00 7.287058e+06 8.708507e+02 3.247302e-01 2.9651e+52 3.8922e+52 4.6557e+00 5.9444e+00
1.247000e+00 5.718374e+00 6.580825e+06 8.720644e+02 3.248344e-01 3.1299e+52 4.1270e+52 4.5838e+00 5.8964e+00
1.248000e+00 5.549867e+00 6.007333e+06 8.725909e+02 3.247874e-01 3.2647e+52 4.3502e+52 4.6378e+00 6.0022e+00
1.249000e+00 5.451430e+00 5.694909e+06 8.726603e+02 3.245504e-01 3.5481e+52 4.5736e+52 4.6765e+00 6.0501e+00
1.250000e+00 5.504290e+00 5.872654e+06 8.726602e+02 3.242207e-01 4.1745e+52 5.4110e+52 4.7019e+00 6.1002e+00
1.251000e+00 5.874558e+00 7.167907e+06 8.736555e+02 3.246857e-01 3.6428e+52 4.6832e+52 4.6304e+00 6.0442e+00
1.252000e+00 6.361314e+00 9.046207e+06 8.768343e+02 3.251435e-01 3.2445e+52 4.1907e+52 4.5393e+00 5.9357e+00
1.253000e+00 6.581724e+00 1.007936e+07 8.819296e+02 3.253736e-01 2.7539e+52 3.6236e+52 4.5972e+00 5.9666e+00
1.254000e+00 6.543908e+00 9.904796e+06 8.874854e+02 3.277758e-01 2.7835e+52 3.5967e+52 4.6533e+00 5.9460e+00
1.255000e+00 6.473934e+00 9.610055e+06 8.930367e+02 3.287484e-01 2.3973e+52 3.1209e+52 4.7902e+00 6.0490e+00
1.256000e+00 6.362063e+00 9.151082e+06 8.983741e+02 3.286721e-01 2.3007e+52 3.0886e+52 4.6906e+00 6.0161e+00
1.257000e+00 6.246975e+00 8.656384e+06 9.032931e+02 3.292812e-01 2.8068e+52 3.8065e+52 4.6775e+00 6.0167e+00
1.258000e+00 6.087209e+00 8.000339e+06 9.076451e+02 3.297991e-01 3.0357e+52 4.0721e+52 4.6481e+00 6.0023e+00
1.259000e+00 5.897299e+00 7.283413e+06 9.112302e+02 3.296434e-01 3.5016e+52 4.6603e+52 4.6748e+00 6.0412e+00
1.260000e+00 5.724683e+00 6.666494e+06 9.139296e+02 3.292823e-01 3.5258e+52 4.6665e+52 4.6360e+00 6.0138e+00
1.261000e+00 5.578749e+00 6.162349e+06 9.157550e+02 3.291298e-01 3.2675e+52 4.3086e+52 4.5157e+00 5.8883e+00
1.262000e+00 5.458386e+00 5.768207e+06 9.169008e+02 3.297364e-01 3.3372e+52 4.4027e+52 4.5989e+00 6.0100e+00
1.263000e+00 5.433284e+00 5.698334e+06 9.176526e+02 3.301482e-01 3.5884e+52 4.7659e+52 4.5874e+00 6.0148e+00
1.264000e+00 5.544300e+00 6.058937e+06 9.184644e+02 3.306627e-01 3.5525e+52 4.6182e+52 4.5378e+00 5.9572e+00
1.265000e+00 5.820600e+00 7.040067e+06 9.200745e+02 3.317567e-01 3.3831e+52 4.3086e+52 4.6071e+00 6.0401e+00
1.266000e+00 6.231981e+00 8.672931e+06 9.237271e+02 3.332287e-01 3.0173e+52 3.9271e+52 4.5867e+00 6.0288e+00
1.267000e+00 6.419663e+00 9.466446e+06 9.296135e+02 3.352575e-01 2.6953e+52 3.5775e+52 4.5467e+00 6.0132e+00
1.268000e+00 6.423343e+00 9.443592e+06 9.363715e+02 3.360441e-01 2.6292e+52 3.5368e+52 4.5017e+00 5.9818e+00
1.269000e+00 6.312591e+00 8.980292e+06 9.432113e+02 3.357705e-01 2.6083e+52 3.5306e+52 4.5756e+00 6.0569e+00
1.270000e+00 6.156871e+00 8.332036e+06 9.494495e+02 3.360735e-01 2.6354e+52 3.5703e+52 4.5559e+00 6.0386e+00
1.271000e+00 5.998674e+00 7.696550e+06 9.549572e+02 3.365313e-01 2.8464e+52 3.8769e+52 4.5361e+00 6.0567e+00
1.272000e+00 5.814253e+00 6.999819e+06 9.597376e+02 3.367165e-01 3.2701e+52 4.2563e+52 4.7152e+00 6.1739e+00
1.273000e+00 5.605983e+00 6.263987e+06 9.637234e+02 3.368338e-01 3.3576e+52 4.3282e+52 4.6282e+00 6.0725e+00
1.274000e+00 5.406029e+00 5.607620e+06 9.669235e+02 3.367998e-01 3.2427e+52 4.0500e+52 4.5661e+00 5.9683e+00
1.275000e+00 5.267861e+00 5.185657e+06 9.695015e+02 3.368404e-01 3.2899e+52 4.0126e+52 4.6098e+00 6.0378e+00
1.276000e+00 5.211993e+00 5.024432e+06 9.716646e+02 3.369311e-01 3.4546e+52 4.1956e+52 4.7091e+00 6.1567e+00
1.277000e+00 5.274549e+00 5.188221e+06 9.737251e+02 3.372150e-01 3.5689e+52 4.4536e+52 4.6301e+00 6.1204e+00
1.278000e+00 5.487142e+00 5.781528e+06 9.761817e+02 3.381390e-01 3.9978e+52 5.0795e+52 4.7467e+00 6.2221e+00
1.279000e+00 5.695035e+00 6.418735e+06 9.795255e+02 3.395173e-01 3.9445e+52 4.9928e+52 4.8029e+00 6.2253e+00
1.280000e+00 5.794558e+00 6.766708e+06 9.836952e+02 3.408832e-01 3.7059e+52 4.6956e+52 4.7867e+00 6.1710e+00
1.281000e+00 5.814272e+00 6.880187e+06 9.882896e+02 3.415488e-01 3.5292e+52 4.4063e+52 4.7287e+00 6.0573e+00
1.282000e+00 5.767125e+00 6.781635e+06 9.930579e+02 3.419315e-01 3.5955e+52 4.5705e+52 4.7092e+00 6.0336e+00
1.283000e+00 5.687009e+00 6.529093e+06 9.978424e+02 3.427428e-01 3.7348e+52 4.7773e+52 4.6178e+00 5.8805e+00
1.284000e+00 5.628762e+00 6.347315e+06 1.002570e+03 3.433756e-01 3.7365e+52 4.7827e+52 4.5733e+00 5.8824e+00
1.285000e+00 5.588297e+00 6.221314e+06 1.007181e+03 3.437005e-01 3.6543e+52 4.6266e+52 4.5593e+00 5.8724e+00
1.286000e+00 5.551725e+00 6.130554e+06 1.011748e+03 3.437256e-01 2.9595e+52 3.9012e+52 4.5253e+00 5.8953e+00
1.287000e+00 5.532795e+00 6.086466e+06 1.016301e+03 3.438712e-01 3.2719e+52 4.2901e+52 4.6500e+00 5.9731e+00
1.288000e+00 5.537014e+00 6.056597e+06 1.020852e+03 3.447922e-01 3.3208e+52 4.4273e+52 4.5569e+00 5.8831e+00
1.289000e+00 5.533799e+00 6.022885e+06 1.025395e+03 3.455475e-01 3.4187e+52 4.4911e+52 4.5484e+00 5.9034e+00
1.290000e+00 5.534950e+00 6.024943e+06 1.029976e+03 3.460627e-01 3.4571e+52 4.5952e+52 4.6269e+00 5.9630e+00
1.291000e+00 5.580450e+00 6.148686e+06 1.034733e+03 3.464542e-01 3.5045e+52 4.6411e+52 4.6115e+00 5.9502e+00
1.292000e+00 5.652155e+00 6.344814e+06 1.039697e+03 3.469987e-01 3.1489e+52 4.1585e+52 4.5772e+00 5.9012e+00
1.293000e+00 5.664453e+00 6.332103e+06 1.044735e+03 3.476917e-01 2.8891e+52 3.8196e+52 4.5114e+00 5.8564e+00
1.294000e+00 5.577076e+00 6.042190e+06 1.049503e+03 3.477244e-01 2.8821e+52 3.7658e+52 4.5213e+00 5.8429e+00
1.295000e+00 5.418398e+00 5.560581e+06 1.053771e+03 3.474486e-01 2.9182e+52 3.8984e+52 4.5144e+00 5.8894e+00
1.296000e+00 5.273869e+00 5.102515e+06 1.057558e+03 3.477211e-01 3.1841e+52 4.1830e+52 4.6781e+00 6.0785e+00
1.297000e+00 5.201548e+00 4.842875e+06 1.061107e+03 3.482477e-01 3.2196e+52 4.1846e+52 4.8193e+00 6.1936e+00
1.298000e+00 5.180995e+00 4.750454e+06 1.064634e+03 3.487900e-01 3.0314e+52 4.0387e+52 4.7142e+00 6.0581e+00
1.299000e+00 5.224171e+00 4.785140e+06 1.068301e+03 3.493988e-01 3.2452e+52 4.2688e+52 4.5575e+00 5.8787e+00
1.300000e+00 5.240744e+00 4.811620e+06 1.072129e+03 3.498573e-01 3.7012e+52 4.9347e+52 4.5223e+00 5.8441e+00
1.301000e+00 5.242970e+00 4.780910e+06 1.076032e+03 3.501171e-01 4.5232e+52 5.9934e+52 4.6630e+00 6.0444e+00
1.302000e+00 5.191185e+00 4.684553e+06 1.079871e+03 3.501532e-01 5.1808e+52 6.6313e+52 4.7676e+00 6.1351e+00
1.303000e+00 5.112480e+00 4.569553e+06 1.083571e+03 3.499662e-01 4.7033e+52 5.9992e+52 4.7922e+00 6.1580e+00
1.304000e+00 5.102168e+00 4.557415e+06 1.087182e+03 3.495966e-01 5.0513e+52 6.3664e+52 4.7390e+00 6.0494e+00
1.305000e+00 5.252277e+00 4.840058e+06 1.091059e+03 3.492977e-01 5.3406e+52 6.5154e+52 4.7835e+00 6.0653e+00
1.306000e+00 5.442554e+00 5.314504e+06 1.095927e+03 3.500600e-01 4.2321e+52 5.1736e+52 4.6174e+00 5.9160e+00
