# Z Name A X
  1 h    1         5.3587510319E-23
  1 h    2         1.3681539000E-05
  2 he   3         4.2905325000E-05
  2 he   4         7.9140000000E-01
  3 li   7         8.7481415000E-09
  5 b   10         7.4122990000E-10
  5 b   11         3.2818956500E-09
  6 c   12         1.7500000000E-01
  6 c   13         1.5000000006E-07
  7 n   14         5.0000000000E-03
  7 n   15         5.0000000000E-06
  8 o   16         6.0000000000E-03
  8 o   17         1.0000000000E-10
  8 o   18         1.0000000000E-10
  9 f   19         1.5000000000E-05
 10 ne  20         7.0000000000E-04
 10 ne  21         1.0000000000E-05
 10 ne  22         1.5000000000E-02
 11 na  23         1.8000000000E-04
 12 mg  24         7.0000000000E-04
 12 mg  25         7.0000000000E-05
 12 mg  26         1.0000000000E-04
 13 al  27         7.0000000000E-05
 14 si  28         5.0000000000E-04
 14 si  29         2.6000000000E-05
 14 si  30         2.5000000000E-05
 15 p   31         1.7121278300E-05
 16 s   32         3.0652131200E-04
 16 s   33         2.5450428300E-06
 16 s   34         1.5382790000E-05
 16 s   36         5.5666195200E-07
 17 cl  35         6.2463584225E-06
 17 cl  37         3.2434975150E-06
 18 ar  36         5.6854146654E-05
 18 ar  38         1.2116550800E-05
 18 ar  40         7.4264939000E-07
 19 k   39         3.3680762700E-06
 19 k   40         6.0274912000E-08
 19 k   41         3.4237271400E-07
 20 ca  40         6.3060375780E-05
 20 ca  42         7.1762586000E-07
 20 ca  43         1.4513484700E-07
 20 ca  44         2.1459638200E-06
 20 ca  46         5.0714709763E-07
 20 ca  48         1.4946792000E-07
 21 sc  45         9.8488260000E-08
 22 ti  46         3.9563070500E-07
 22 ti  47         2.8647863000E-07
 22 ti  48         2.4954945600E-06
 22 ti  49         3.9399449600E-07
 22 ti  50         1.9886658750E-06
 23 v   50         7.9069925000E-10
 23 v   51         3.4604706150E-07
 24 cr  50         7.0479075000E-07
 24 cr  52         1.4414428600E-05
 24 cr  53         1.6450970510E-06
 24 cr  54         5.8095897300E-07
 25 mn  55         1.1015996613E-05
 26 fe  54         7.4178774000E-05
 26 fe  56         1.2086242980E-03
 26 fe  57         2.8504174965E-05
 26 fe  58         4.5112948100E-06
 27 co  59         4.4799776750E-06
 28 ni  58         4.8699859507E-05
 28 ni  60         1.9747521000E-05
 28 ni  61         9.7611956000E-07
 28 ni  62         3.0147031900E-06
 28 ni  64         3.9321756800E-06
 29 cu  63         7.2197851950E-07
 29 cu  65         1.1660599925E-06
 30 zn  64         9.4629824000E-07
 30 zn  66         1.4510183820E-06
 30 zn  67         2.7946383400E-07
 30 zn  68         1.8130856660E-06
 30 zn  70         1.1712422015E-08
 31 ga  69         3.6799909725E-07
 31 ga  71         3.6915432570E-07
 32 ge  70         6.4324239350E-07
 32 ge  72         7.7735503440E-07
 32 ge  73         2.0924924765E-07
 32 ge  74         1.6216908340E-06
 32 ge  76         1.9201490554E-08
 33 as  75         1.6042241250E-07
 34 se  74         1.0708306900E-09
 34 se  76         4.2699069740E-07
 34 se  77         1.8001465405E-07
 34 se  78         1.1905086843E-06
 34 se  80         1.7825256240E-06
 34 se  82         1.1640915148E-08
 35 br  79         2.4459616995E-07
 35 br  81         3.1950630225E-07
 36 kr  78         3.7316685900E-10
 36 kr  80         3.6656750800E-08
 36 kr  82         1.4603324281E-06
 36 kr  83         2.8646593855E-07
 36 kr  84         1.5593491578E-06
 36 kr  86         2.4869110630E-06
 37 rb  85         3.8256222850E-07
 37 rb  87         2.6360878461E-07
 38 sr  84         2.5823439600E-10
 38 sr  86         1.3323476969E-06
 38 sr  87         8.6711533839E-07
 38 sr  88         2.3063568194E-05
 39 y   89         6.1678362813E-06
 40 zr  90         8.6595636375E-06
 40 zr  91         1.8275304730E-06
 40 zr  92         3.7196941254E-06
 40 zr  94         5.0854571224E-06
 40 zr  96         7.5950265600E-10
 41 nb  93         1.2385399439E-06
 42 mo  92         7.5336265400E-10
 42 mo  94         2.4006831080E-09
 42 mo  95         4.8774699982E-07
 42 mo  96         1.0511279164E-06
 42 mo  97         4.1182238602E-07
 42 mo  98         1.4370083853E-06
 42 mo 100         5.7674715000E-10
 44 ru  96         2.2226990400E-10
 44 ru  98         7.6589273600E-11
 44 ru  99         2.0986789621E-07
 44 ru 100         7.4254658785E-07
 44 ru 101         1.6836496243E-07
 44 ru 102         9.3943383324E-07
 44 ru 104         8.1858316800E-10
 45 rh 103         2.1018601054E-07
 46 pd 102         2.8727652300E-11
 46 pd 104         5.6505030353E-07
 46 pd 105         1.5857475842E-07
 46 pd 106         6.1618821851E-07
 46 pd 108         7.8338406685E-07
 46 pd 110         7.5066911150E-09
 47 ag 107         1.4441046296E-07
 47 ag 109         2.4409758932E-07
 48 cd 106         5.0502862600E-11
 48 cd 108         1.2005895060E-10
 48 cd 110         6.5521616726E-07
 48 cd 111         2.5573109769E-07
 48 cd 112         8.0560449032E-07
 48 cd 113         2.7829161987E-07
 48 cd 114         1.1865063633E-06
 48 cd 116         8.0471636000E-10
 49 in 113         2.2731901813E-11
 49 in 115         2.6262470040E-07
 50 sn 112         8.8529907200E-11
 50 sn 114         6.1312422443E-11
 50 sn 115         3.1862329917E-11
 50 sn 116         1.7143870254E-06
 50 sn 117         5.6490505952E-07
 50 sn 118         2.1713223336E-06
 50 sn 119         7.5493004084E-07
 50 sn 120         3.6938999010E-06
 50 sn 122         1.2968331033E-07
 50 sn 124         6.3236292400E-10
 51 sb 121         3.2899849531E-07
 51 sb 123         1.1342468001E-08
 52 te 120         1.2148524000E-11
 52 te 122         4.8698537498E-07
 52 te 123         1.9442500887E-07
 52 te 124         9.4564655014E-07
 52 te 125         3.4596722400E-07
 52 te 126         1.7105624437E-06
 52 te 128         2.7584680768E-07
 52 te 130         3.2865670500E-08
 53 i  127         2.4218892824E-07
 54 xe 124         1.9538072400E-11
 54 xe 126         1.7574952500E-11
 54 xe 128         5.4824714771E-07
 54 xe 129         2.4792255290E-07
 54 xe 130         1.1811217176E-06
 54 xe 131         4.0331517973E-07
 54 xe 132         2.1719535182E-06
 54 xe 134         1.9410918400E-09
 54 xe 136         1.4140353160E-09
 55 cs 133         2.7582871476E-07
 56 ba 130         1.5500608500E-11
 56 ba 132         1.4996711400E-11
 56 ba 134         9.3592551860E-07
 56 ba 135         2.9659298870E-07
 56 ba 136         2.0146203174E-06
 56 ba 137         1.6183994169E-06
 56 ba 138         1.1543720774E-05
 57 la 138         1.1750503460E-12
 57 la 139         1.2164998797E-06
 58 ce 136         7.1090362000E-12
 58 ce 138         9.7870738500E-12
 58 ce 140         2.4450358576E-06
 58 ce 142         8.6682146300E-10
 59 pr 141         1.6818343512E-07
 60 nd 142         5.3412327747E-07
 60 nd 143         6.1302990749E-08
 60 nd 144         2.0852258652E-07
 60 nd 145         3.3018382535E-08
 60 nd 146         1.9089551837E-07
 60 nd 148         1.7683447000E-10
 60 nd 150         1.6408448388E-10
 62 sm 144         2.9964124800E-11
 62 sm 147         1.3861808279E-08
 62 sm 148         6.2740433045E-08
 62 sm 149         6.4387692064E-09
 62 sm 150         3.4855157235E-08
 62 sm 152         9.0183291760E-09
 62 sm 154         2.4029327630E-10
 63 eu 151         3.4108748250E-09
 63 eu 153         6.4497627360E-09
 64 gd 152         1.0823230447E-08
 64 gd 154         1.5051783131E-08
 64 gd 155         5.7966813975E-09
 64 gd 156         2.5045938372E-08
 64 gd 157         9.8190968260E-09
 64 gd 158         4.5254275312E-08
 64 gd 160         3.0598484000E-10
 65 tb 159         9.1532094450E-09
 66 dy 156         8.1735856800E-13
 66 dy 158         1.4043671210E-12
 66 dy 160         1.6766065000E-08
 66 dy 161         6.9752597145E-09
 66 dy 162         3.3200174781E-08
 66 dy 163         1.2214131812E-08
 66 dy 164         6.1089437234E-08
 67 ho 165         1.0951446577E-08
 68 er 162         1.3619272770E-12
 68 er 164         1.6230620800E-11
 68 er 166         2.5266199154E-08
 68 er 167         8.5630363055E-09
 68 er 168         4.0879804224E-08
 68 er 170         2.3218146100E-10
 69 tm 169         8.3038100652E-09
 70 yb 168         1.0365509280E-12
 70 yb 170         1.7873242528E-08
 70 yb 171         1.0890640271E-08
 70 yb 172         3.8732028894E-08
 70 yb 173         1.5215401995E-08
 70 yb 174         7.8936555162E-08
 70 yb 176         1.2086156720E-10
 71 lu 175         8.9491905475E-09
 71 lu 176         5.6327196983E-09
 72 hf 174         1.4830798650E-12
 72 hf 176         1.4054757728E-09
 72 hf 177         7.2068712990E-09
 72 hf 178         3.5836597689E-08
 72 hf 179         1.1240049791E-08
 72 hf 180         7.1947933740E-08
 73 ta 180         1.2177371700E-14
 73 ta 181         1.0824560128E-08
 74 w  180         1.1364591600E-12
 74 w  182         3.9768231685E-08
 74 w  183         1.6889052514E-08
 74 w  184         4.0228487364E-08
 74 w  186         3.2507802180E-09
 75 re 185         7.8110954282E-09
 75 re 187         6.8113094115E-10
 76 os 184         6.8698672400E-13
 76 os 186         2.1906208804E-08
 76 os 187         6.5367665864E-09
 76 os 188         3.3767010880E-08
 76 os 189         6.4140307245E-09
 76 os 190         3.4231177005E-08
 76 os 192         3.9409074240E-09
 77 ir 191         6.4666966455E-09
 77 ir 193         9.3115899400E-09
 78 pt 190         8.2410343500E-13
 78 pt 192         1.5148852560E-08
 78 pt 194         2.5743245160E-08
 78 pt 195         1.1589919575E-08
 78 pt 196         4.3066845780E-08
 78 pt 198         4.3965237096E-10
 79 au 197         1.1517818449E-08
 80 hg 196         3.2318175400E-12
 80 hg 198         3.7072422684E-08
 80 hg 199         1.5674722052E-08
 80 hg 200         5.4645758600E-08
 80 hg 201         1.9974440526E-08
 80 hg 202         8.2187817366E-08
 80 hg 204         1.9398035844E-09
 81 tl 203         2.9004925824E-08
 81 tl 205         2.5468986493E-08
 82 pb 204         3.8787662339E-08
 82 pb 206         1.5386776705E-07
 82 pb 207         7.1761895465E-08
 82 pb 208         4.1171072800E-08
 83 bi 209         8.0005586650E-10
