# Z Name A X
  1 h    1         1.0791471682E-29
  1 h    2         1.4307999611E-05
  2 he   3         4.4869800150E-05
  2 he   4         5.5835948985E-01
  3 li   6         6.4407632918E-10
  3 li   7         9.1487407785E-09
  4 be   9         1.6779801602E-10
  5 b   10         7.7517077092E-10
  5 b   11         3.4321757098E-09
  6 c   12         3.3120326914E-01
  6 c   13         1.9552414470E-02
  7 n   14         5.1139313579E-03
  7 n   15         9.0230935491E-08
  8 o   16         4.3259188214E-02
  8 o   17         2.8005745546E-06
  8 o   18         4.8374569595E-08
  9 f   19         1.7919185078E-09
 10 ne  20         1.2296781652E-03
 10 ne  21         3.0951292777E-06
 10 ne  22         3.1190296209E-02
 11 na  23         3.1065056525E-05
 12 mg  24         5.8658056252E-04
 12 mg  25         7.7354275135E-05
 12 mg  26         8.8573739201E-05
 13 al  27         5.9143643625E-05
 14 si  28         6.4949100308E-04
 14 si  29         3.4157416484E-05
 14 si  30         2.3293263117E-05
 15 p   31         6.1930702445E-06
 16 s   32         3.1124169469E-04
 16 s   33         2.5696373982E-06
 16 s   34         1.4944470132E-05
 16 s   36         7.3769494686E-08
 17 cl  35         6.5187895016E-06
 17 cl  37         2.2025215941E-06
 18 ar  36         5.9455146581E-05
 18 ar  38         1.1410556710E-05
 18 ar  40         1.9210532822E-08
 19 k   39         3.0248778982E-06
 19 k   40         4.8969045428E-09
 19 k   41         2.2948910080E-07
 20 ca  40         6.5934360588E-05
 20 ca  42         4.6205947809E-07
 20 ca  43         9.8706678086E-08
 20 ca  44         1.5606707565E-06
 20 ca  46         3.1286871262E-09
 20 ca  48         1.5262551981E-07
 21 sc  45         4.9403398558E-08
 22 ti  46         2.6287912007E-07
 22 ti  47         2.4222284771E-07
 22 ti  48         2.4511555708E-06
 22 ti  49         1.8362747283E-07
 22 ti  50         1.7940893834E-07
 23 v   50         8.2690253850E-10
 23 v   51         3.3653279512E-07
 24 cr  50         7.3706212900E-07
 24 cr  52         1.4782049868E-05
 24 cr  53         1.7083997526E-06
 24 cr  54         4.3328057305E-07
 25 mn  55         1.1505539868E-05
 26 fe  54         7.7575143475E-05
 26 fe  56         1.2628662168E-03
 26 fe  57         2.9685893465E-05
 26 fe  58         4.0199570594E-06
 27 co  59         4.4812206006E-06
 28 ni  58         5.0929812452E-05
 28 ni  60         2.0294557837E-05
 28 ni  61         8.9689355006E-07
 28 ni  62         2.9065692515E-06
 28 ni  64         7.6409548257E-07
 29 cu  63         5.2456901861E-07
 29 cu  65         2.4122993151E-07
 30 zn  64         8.7827102604E-07
 30 zn  66         5.1962788767E-07
 30 zn  67         7.7518073608E-08
 30 zn  68         3.5979448071E-07
 30 zn  70         1.2247121932E-08
 31 ga  69         3.5344812379E-08
 31 ga  71         2.4137287938E-08
 32 ge  70         5.0645407141E-08
 32 ge  72         6.8839981432E-08
 32 ge  73         1.9590551683E-08
 32 ge  74         9.3205879806E-08
 32 ge  76         2.0079022261E-08
 33 as  75         1.1630692549E-08
 34 se  74         1.1198659464E-09
 34 se  76         1.2108699328E-08
 34 se  77         9.9898639866E-09
 34 se  78         3.1525943768E-08
 34 se  80         6.7484421014E-08
 34 se  82         1.2172293295E-08
 35 br  79         1.0791795193E-08
 35 br  81         1.0763768126E-08
 36 kr  78         3.9025410983E-10
 36 kr  80         2.5718403725E-09
 36 kr  82         1.3209015275E-08
 36 kr  83         1.3245060845E-08
 36 kr  84         6.6063071518E-08
 36 kr  86         2.0453760238E-08
 37 rb  85         1.5497666548E-08
 37 rb  87         6.5281707664E-09
 38 sr  84         2.7005846646E-10
 38 sr  86         4.8894848190E-09
 38 sr  87         3.4567431852E-09
 38 sr  88         4.1919633018E-08
 39 y   89         1.1218487769E-08
 40 zr  90         1.3682712469E-08
 40 zr  91         3.0170225860E-09
 40 zr  92         4.6622575819E-09
 40 zr  94         4.8274961698E-09
 40 zr  96         7.9427990747E-10
 41 nb  93         2.0846217309E-09
 42 mo  92         7.8785860105E-10
 42 mo  94         5.0715501120E-10
 42 mo  95         8.8709116944E-10
 42 mo  96         9.4363327493E-10
 42 mo  97         5.4896169050E-10
 42 mo  98         1.4092887791E-09
 42 mo 100         5.7920548505E-10
 44 ru  96         2.3244773029E-10
 44 ru  98         8.0096215128E-11
 44 ru  99         5.5211580704E-10
 44 ru 100         5.5069972204E-10
 44 ru 101         7.5308624053E-10
 44 ru 102         1.4065133139E-09
 44 ru 104         8.4636428392E-10
 45 rh 103         6.5070109395E-10
 46 pd 102         3.0043093935E-11
 46 pd 104         3.3455139282E-10
 46 pd 105         6.7705248168E-10
 46 pd 106         8.3654596566E-10
 46 pd 108         8.2519750746E-10
 46 pd 110         3.7227563150E-10
 47 ag 107         3.7547818080E-10
 47 ag 109         3.5535817106E-10
 48 cd 106         5.2815353440E-11
 48 cd 108         3.8314051115E-11
 48 cd 110         5.4764538937E-10
 48 cd 111         5.6634003146E-10
 48 cd 112         1.0772578233E-09
 48 cd 113         5.5041969020E-10
 48 cd 114         1.3055237879E-09
 48 cd 116         3.4632522025E-10
 49 in 113         2.3772784189E-11
 49 in 115         5.3975847329E-10
 50 sn 112         9.2583601132E-11
 50 sn 114         6.4119938781E-11
 50 sn 115         3.3321233471E-11
 50 sn 116         1.4373638164E-09
 50 sn 117         7.6575773779E-10
 50 sn 118         2.4355691154E-09
 50 sn 119         8.7113294287E-10
 50 sn 120         3.3317824649E-09
 50 sn 122         4.8137677592E-10
 50 sn 124         6.1184943178E-10
 51 sb 121         5.5055616514E-10
 51 sb 123         4.1859275768E-10
 52 te 120         1.2704806872E-11
 52 te 122         3.6596902017E-10
 52 te 123         1.2877733410E-10
 52 te 124         6.9142382287E-10
 52 te 125         1.0396178771E-09
 52 te 126         2.7925165504E-09
 52 te 128         4.7792660162E-09
 52 te 130         5.2117941079E-09
 53 i  127         3.5022571704E-09
 54 xe 124         2.0432703266E-11
 54 xe 126         1.8379708226E-11
 54 xe 128         3.7826973872E-10
 54 xe 129         4.7487598657E-09
 54 xe 130         7.6836040678E-10
 54 xe 131         3.8382673707E-09
 54 xe 132         4.7270859108E-09
 54 xe 134         1.7718697849E-09
 54 xe 136         1.4610625437E-09
 55 cs 133         1.2427848578E-09
 56 ba 130         1.6210392472E-11
 56 ba 132         1.5683378261E-11
 56 ba 134         3.8100068889E-10
 56 ba 135         1.0468760862E-09
 56 ba 136         1.2565336325E-09
 56 ba 137         1.8101808831E-09
 56 ba 138         1.1639395884E-08
 57 la 138         1.2287535650E-12
 57 la 139         1.3588256132E-09
 58 ce 136         7.4345544910E-12
 58 ce 138         1.0235218540E-11
 58 ce 140         3.6590655112E-09
 58 ce 142         4.6634040871E-10
 59 pr 141         5.7512656072E-10
 60 nd 142         7.8506132655E-10
 60 nd 143         3.5147399415E-10
 60 nd 144         6.9853189465E-10
 60 nd 145         2.5975572376E-10
 60 nd 146         5.1127496883E-10
 60 nd 148         1.7294111222E-10
 60 nd 150         1.7159841695E-10
 62 sm 144         3.1336116975E-11
 62 sm 147         1.5619361618E-10
 62 sm 148         1.1791589149E-10
 62 sm 149         1.4596160277E-10
 62 sm 150         7.8467882491E-11
 62 sm 152         2.8821175267E-10
 62 sm 154         2.4833986116E-10
 63 eu 151         1.8579755866E-10
 63 eu 153         2.0550530614E-10
 64 gd 152         2.7759899901E-12
 64 gd 154         3.0656426299E-11
 64 gd 155         2.0947766570E-10
 64 gd 156         2.9159948537E-10
 64 gd 157         2.2436665149E-10
 64 gd 158         3.5838761296E-10
 64 gd 160         3.1938495360E-10
 65 tb 159         2.4657068204E-10
 66 dy 156         8.5478508873E-13
 66 dy 158         1.4686726399E-12
 66 dy 160         3.6461437210E-11
 66 dy 161         2.9756315500E-10
 66 dy 162         4.0539180865E-10
 66 dy 163         3.9706489466E-10
 66 dy 164         4.5348227606E-10
 67 ho 165         3.8728284177E-10
 68 er 162         1.4242893768E-12
 68 er 164         1.6973816083E-11
 68 er 166         3.5953079704E-10
 68 er 167         2.4689253439E-10
 68 er 168         2.9299711509E-10
 68 er 170         1.6385921766E-10
 69 tm 169         1.6536021062E-10
 70 yb 168         1.0840138722E-12
 70 yb 170         2.7240150181E-11
 70 yb 171         1.2955417577E-10
 70 yb 172         2.0060063853E-10
 70 yb 173         1.4976705547E-10
 70 yb 174         2.9967498972E-10
 70 yb 176         1.2302697121E-10
 71 lu 175         1.6640141733E-10
 71 lu 176         4.8571675403E-12
 72 hf 174         1.5509884903E-12
 72 hf 176         5.0415159294E-11
 72 hf 177         1.8120517446E-10
 72 hf 178         2.6734941259E-10
 72 hf 179         1.3423362999E-10
 72 hf 180         3.4763535128E-10
 73 ta 180         1.2734974020E-14
 73 ta 181         1.0670155991E-10
 74 w  180         1.1884969275E-12
 74 w  182         2.6537595746E-10
 74 w  183         1.4409039624E-10
 74 w  184         3.1020650175E-10
 74 w  186         2.9096055474E-10
 75 re 185         9.3308613514E-11
 75 re 187         1.7015843206E-10
 76 os 184         7.1844269091E-13
 76 os 186         5.8027522862E-11
 76 os 187         4.6401441154E-11
 76 os 188         4.8950858470E-10
 76 os 189         6.0000292304E-10
 76 os 190         9.8090073872E-10
 76 os 192         1.5019825369E-09
 77 ir 191         1.3282704506E-09
 77 ir 193         2.2561561908E-09
 78 pt 190         8.6183861476E-13
 78 pt 192         4.8646577810E-11
 78 pt 194         2.0721704214E-09
 78 pt 195         2.1375023244E-09
 78 pt 196         1.6029653915E-09
 78 pt 198         4.5952003741E-10
 79 au 197         1.2735339834E-09
 80 hg 196         3.3798049881E-12
 80 hg 198         2.2693666105E-10
 80 hg 199         3.8593349387E-10
 80 hg 200         5.3111221241E-10
 80 hg 201         3.0454801967E-10
 80 hg 202         6.9340263070E-10
 80 hg 204         1.6111323451E-10
 81 tl 203         3.7001177649E-10
 81 tl 205         8.9194776193E-10
 82 pb 204         1.7805433203E-10
 82 pb 206         1.6730310003E-09
 82 pb 207         1.8603777346E-09
 82 pb 208         5.3507313666E-09
 83 bi 209         7.2558884649E-10
 90 th 232         1.8881317580E-10
 92 u  234         1.0490354517E-15
 92 u  235         1.2792875257E-11
 92 u  238         4.0391128556E-11
