                                                                                
010015020030040050060070080090100150200250300350400450500600700800900100        
    n
    p
    d
    t
  he3
  he4
  he6
  li6
  li7
  li8
  li9
  be7
  be9
 be10
 be11
 be12
   b8
  b10
  b11
  b12
  b13
  b14
   c9
  c10
  c11
  c12
  c13
  c14
  c15
  c16
  c17
  c18
  c18
    n       1.000   0   1   0.5     8.071 ame11
  1.00000E+0  1.00000E+0  1.00000E+0  1.00000E+0  1.00000E+0  1.00000E+0  1.00000E+0  1.00000E+0
  1.00000E+0  1.00000E+0  1.00000E+0  1.00000E+0  1.00000E+0  1.00000E+0  1.00000E+0  1.00000E+0
  1.00000E+0  1.00000E+0  1.00000E+0  1.00000E+0  1.00000E+0  1.00000E+0  1.00000E+0  1.00000E+0
    p       1.000   1   0   0.5     7.289 ame11
  1.00000E+0  1.00000E+0  1.00000E+0  1.00000E+0  1.00000E+0  1.00000E+0  1.00000E+0  1.00000E+0
  1.00000E+0  1.00000E+0  1.00000E+0  1.00000E+0  1.00000E+0  1.00000E+0  1.00000E+0  1.00000E+0
  1.00000E+0  1.00000E+0  1.00000E+0  1.00000E+0  1.00000E+0  1.00000E+0  1.00000E+0  1.00000E+0
    d       2.000   1   1   1.0    13.136 ame11
  1.00000E+0  1.00000E+0  1.00000E+0  1.00000E+0  1.00000E+0  1.00000E+0  1.00000E+0  1.00000E+0
  1.00000E+0  1.00000E+0  1.00000E+0  1.00000E+0  1.00000E+0  1.00000E+0  1.00000E+0  1.00000E+0
  1.00000E+0  1.00000E+0  1.00000E+0  1.00000E+0  1.00000E+0  1.00000E+0  1.00000E+0  1.00000E+0
    t       3.000   1   2   0.5    14.950 ame11
  1.00000E+0  1.00000E+0  1.00000E+0  1.00000E+0  1.00000E+0  1.00000E+0  1.00000E+0  1.00000E+0
  1.00000E+0  1.00000E+0  1.00000E+0  1.00000E+0  1.00000E+0  1.00000E+0  1.00000E+0  1.00000E+0
  1.00000E+0  1.00000E+0  1.00000E+0  1.00000E+0  1.00000E+0  1.00000E+0  1.00000E+0  1.00000E+0
  he3       3.000   2   1   0.5    14.931 ame11
  1.00000E+0  1.00000E+0  1.00000E+0  1.00000E+0  1.00000E+0  1.00000E+0  1.00000E+0  1.00000E+0
  1.00000E+0  1.00000E+0  1.00000E+0  1.00000E+0  1.00000E+0  1.00000E+0  1.00000E+0  1.00000E+0
  1.00000E+0  1.00000E+0  1.00000E+0  1.00000E+0  1.00000E+0  1.00000E+0  1.00000E+0  1.00000E+0
  he4       4.000   2   2   0.0     2.425 ame11
  1.00000E+0  1.00000E+0  1.00000E+0  1.00000E+0  1.00000E+0  1.00000E+0  1.00000E+0  1.00000E+0
  1.00000E+0  1.00000E+0  1.00000E+0  1.00000E+0  1.00000E+0  1.00000E+0  1.00000E+0  1.00000E+0
  1.00000E+0  1.00000E+0  1.00000E+0  1.00000E+0  1.00000E+0  1.00000E+0  1.00000E+0  1.00000E+0
  he6       6.000   2   4   0.0    17.593 ame11
  1.00000E+0  1.00000E+0  1.00000E+0  1.00000E+0  1.00000E+0  1.00000E+0  1.00000E+0  1.00000E+0
  1.00000E+0  1.00000E+0  1.00000E+0  1.00000E+0  1.00000E+0  1.00000E+0  1.00000E+0  1.00000E+0
  1.00000E+0  1.00000E+0  1.00000E+0  1.00000E+0  1.00000E+0  1.00000E+0  1.00000E+0  1.00000E+0
  li6       6.000   3   3   1.0    14.087 ame11
  1.00000E+0  1.00000E+0  1.00000E+0  1.00000E+0  1.00000E+0  1.00000E+0  1.00000E+0  1.00000E+0
  1.00000E+0  1.00000E+0  1.00000E+0  1.00000E+0  1.00000E+0  1.00000E+0  1.00000E+0  1.00000E+0
  1.00000E+0  1.00000E+0  1.00000E+0  1.00000E+0  1.00000E+0  1.00000E+0  1.00000E+0  1.00000E+0
  li7       7.000   3   4   1.5    14.907 ame11
  1.00000E+0  1.00000E+0  1.00000E+0  1.00000E+0  1.00000E+0  1.00000E+0  1.00000E+0  1.00000E+0
  1.00000E+0  1.00000E+0  1.00000E+0  1.01000E+0  1.03000E+0  1.05000E+0  1.08000E+0  1.10000E+0
  1.13000E+0  1.15000E+0  1.17000E+0  1.20000E+0  1.23000E+0  1.25000E+0  1.28000E+0  1.30000E+0
  li8       8.000   3   5   2.0    20.946 ame11
  1.00000E+0  1.00000E+0  1.00000E+0  1.00000E+0  1.00000E+0  1.00000E+0  1.00000E+0  1.00000E+0
  1.00000E+0  1.00000E+0  1.00000E+0  1.00000E+0  1.00000E+0  1.01000E+0  1.01000E+0  1.02000E+0
  1.04000E+0  1.05000E+0  1.07000E+0  1.11000E+0  1.15000E+0  1.20000E+0  1.26000E+0  1.31000E+0
  li9       9.000   3   6   1.5    24.955 ame11
  1.00000E+0  1.00000E+0  1.00000E+0  1.00000E+0  1.00000E+0  1.00000E+0  1.00000E+0  1.00000E+0
  1.00000E+0  1.00000E+0  1.00000E+0  1.00000E+0  1.00000E+0  1.00000E+0  1.00000E+0  1.00000E+0
  1.00000E+0  1.00000E+0  1.00000E+0  1.00000E+0  1.01000E+0  1.01000E+0  1.02000E+0  1.02000E+0
  be7       7.000   4   3   1.5    15.769 ame11
  1.00000E+0  1.00000E+0  1.00000E+0  1.00000E+0  1.00000E+0  1.00000E+0  1.00000E+0  1.00000E+0
  1.00000E+0  1.00000E+0  1.00000E+0  1.00000E+0  1.00000E+0  1.00000E+0  1.00000E+0  1.00000E+0
  1.00000E+0  1.00000E+0  1.00000E+0  1.00000E+0  1.00000E+0  1.00000E+0  1.00000E+0  1.00000E+0
  be8       8.000   4   4   0.0     4.942 ame11
  1.00000E+0  1.00000E+0  1.00000E+0  1.00000E+0  1.00000E+0  1.00000E+0  1.00000E+0  1.00000E+0
  1.00000E+0  1.00000E+0  1.00000E+0  1.00000E+0  1.00000E+0  1.00000E+0  1.00000E+0  1.00000E+0
  1.00000E+0  1.00000E+0  1.00000E+0  1.01000E+0  1.03000E+0  1.06000E+0  1.10000E+0  1.15000E+0
  be9       9.000   4   5   1.5    11.348 ame11
  1.00000E+0  1.00000E+0  1.00000E+0  1.00000E+0  1.00000E+0  1.00000E+0  1.00000E+0  1.00000E+0
  1.00000E+0  1.00000E+0  1.00000E+0  1.00000E+0  1.00000E+0  1.00000E+0  1.00000E+0  1.00000E+0
  1.00000E+0  1.00000E+0  1.00000E+0  1.00000E+0  1.00000E+0  1.00000E+0  1.00000E+0  1.00000E+0
 be10      10.000   4   6   0.0    12.607 ame11
  1.00000E+0  1.00000E+0  1.00000E+0  1.00000E+0  1.00000E+0  1.00000E+0  1.00000E+0  1.00000E+0
  1.00000E+0  1.00000E+0  1.00000E+0  1.00000E+0  1.00000E+0  1.00000E+0  1.00000E+0  1.00000E+0
  1.00000E+0  1.00000E+0  1.00000E+0  1.00000E+0  1.00000E+0  1.00000E+0  1.00000E+0  1.00000E+0
 be11      11.000   4   7   0.5    20.177 ame11
  1.00000E+0  1.00000E+0  1.00000E+0  1.00000E+0  1.00000E+0  1.00000E+0  1.00000E+0  1.00000E+0
  1.01000E+0  1.02000E+0  1.02000E+0  1.08000E+0  1.16000E+0  1.23000E+0  1.29000E+0  1.35000E+0
  1.41000E+0  1.47000E+0  1.53000E+0  1.64000E+0  1.76000E+0  1.88000E+0  2.01000E+0  2.13000E+0
 be12      12.000   4   8   0.0    25.077 ame11
  1.00000E+0  1.00000E+0  1.00000E+0  1.00000E+0  1.00000E+0  1.00000E+0  1.00000E+0  1.00000E+0
  1.00000E+0  1.00000E+0  1.00000E+0  1.00000E+0  1.00000E+0  1.00000E+0  1.00000E+0  1.00000E+0
  1.00000E+0  1.00000E+0  1.00000E+0  1.00000E+0  1.00000E+0  1.00000E+0  1.00000E+0  1.00000E+0
   b8       8.000   5   3   2.0    22.922 ame11
  1.00000E+0  1.00000E+0  1.00000E+0  1.00000E+0  1.00000E+0  1.00000E+0  1.00000E+0  1.00000E+0
  1.00000E+0  1.00000E+0  1.00000E+0  1.00000E+0  1.00000E+0  1.00000E+0  1.00000E+0  1.00000E+0
  1.00000E+0  1.00000E+0  1.00000E+0  1.00000E+0  1.00000E+0  1.00000E+0  1.00000E+0  1.00000E+0
   b9       9.000   5   4   1.5    12.416 ame11
  1.00000E+0  1.00000E+0  1.00000E+0  1.00000E+0  1.00000E+0  1.00000E+0  1.00000E+0  1.00000E+0
  1.00000E+0  1.00000E+0  1.00000E+0  1.00000E+0  1.00000E+0  1.00000E+0  1.00000E+0  1.00000E+0
  1.00000E+0  1.00000E+0  1.00000E+0  1.00000E+0  1.00000E+0  1.00000E+0  1.00000E+0  1.00000E+0
  b10      10.000   5   5   3.0    12.051 ame11
  1.00000E+0  1.00000E+0  1.00000E+0  1.00000E+0  1.00000E+0  1.00000E+0  1.00000E+0  1.00000E+0
  1.00000E+0  1.00000E+0  1.00000E+0  1.00000E+0  1.00000E+0  1.00000E+0  1.00000E+0  1.00000E+0
  1.00000E+0  1.00000E+0  1.00000E+0  1.00000E+0  1.00000E+0  1.00000E+0  1.00000E+0  1.00000E+0
  b11      11.000   5   6   1.5     8.668 ame11
  1.00000E+0  1.00000E+0  1.00000E+0  1.00000E+0  1.00000E+0  1.00000E+0  1.00000E+0  1.00000E+0
  1.00000E+0  1.00000E+0  1.00000E+0  1.00000E+0  1.00000E+0  1.00000E+0  1.00000E+0  1.00000E+0
  1.00000E+0  1.00000E+0  1.00000E+0  1.00000E+0  1.00000E+0  1.00000E+0  1.00000E+0  1.00000E+0
  b12      12.000   5   7   1.0    13.369 ame11
  1.00000E+0  1.00000E+0  1.00000E+0  1.00000E+0  1.00000E+0  1.00000E+0  1.00000E+0  1.00000E+0
  1.00000E+0  1.00000E+0  1.00000E+0  1.00000E+0  1.00000E+0  1.00000E+0  1.00000E+0  1.00000E+0
  1.00000E+0  1.00000E+0  1.00000E+0  1.00000E+0  1.00000E+0  1.00000E+0  1.00000E+0  1.00000E+0
  b13      13.000   5   8   1.5    16.562 ame11
  1.00000E+0  1.00000E+0  1.00000E+0  1.00000E+0  1.00000E+0  1.00000E+0  1.00000E+0  1.00000E+0
  1.00000E+0  1.00000E+0  1.00000E+0  1.00000E+0  1.00000E+0  1.00000E+0  1.00000E+0  1.00000E+0
  1.00000E+0  1.00000E+0  1.00000E+0  1.00000E+0  1.00000E+0  1.00000E+0  1.00000E+0  1.00000E+0
  b14      14.000   5   9   2.0    23.664 ame11
  1.00000E+0  1.00000E+0  1.00000E+0  1.00000E+0  1.00000E+0  1.00000E+0  1.00000E+0  1.00000E+0
  1.00000E+0  1.00000E+0  1.00000E+0  1.00000E+0  1.00000E+0  1.00000E+0  1.00000E+0  1.00000E+0
  1.00000E+0  1.00000E+0  1.00000E+0  1.00000E+0  1.00000E+0  1.00000E+0  1.00000E+0  1.00000E+0
   c9       9.000   6   3   1.5    28.909 ame11
  1.00000E+0  1.00000E+0  1.00000E+0  1.00000E+0  1.00000E+0  1.00000E+0  1.00000E+0  1.00000E+0
  1.00000E+0  1.00000E+0  1.00000E+0  1.00000E+0  1.00000E+0  1.00000E+0  1.00000E+0  1.00000E+0
  1.00000E+0  1.00000E+0  1.00000E+0  1.00000E+0  1.00000E+0  1.00000E+0  1.00000E+0  1.00000E+0
  c10      10.000   6   4   0.0    15.699 ame11
  1.00000E+0  1.00000E+0  1.00000E+0  1.00000E+0  1.00000E+0  1.00000E+0  1.00000E+0  1.00000E+0
  1.00000E+0  1.00000E+0  1.00000E+0  1.00000E+0  1.00000E+0  1.00000E+0  1.00000E+0  1.00000E+0
  1.00000E+0  1.00000E+0  1.00000E+0  1.00000E+0  1.00000E+0  1.00000E+0  1.00000E+0  1.00000E+0
  c11      11.000   6   5   1.5    10.650 ame11
  1.00000E+0  1.00000E+0  1.00000E+0  1.00000E+0  1.00000E+0  1.00000E+0  1.00000E+0  1.00000E+0
  1.00000E+0  1.00000E+0  1.00000E+0  1.00000E+0  1.00000E+0  1.00000E+0  1.00000E+0  1.00000E+0
  1.00000E+0  1.00000E+0  1.00000E+0  1.00000E+0  1.00000E+0  1.00000E+0  1.00000E+0  1.00000E+0
  c12      12.000   6   6   0.0     0.000 ame11
  1.00000E+0  1.00000E+0  1.00000E+0  1.00000E+0  1.00000E+0  1.00000E+0  1.00000E+0  1.00000E+0
  1.00000E+0  1.00000E+0  1.00000E+0  1.00000E+0  1.00000E+0  1.00000E+0  1.00000E+0  1.00000E+0
  1.00000E+0  1.00000E+0  1.00000E+0  1.00000E+0  1.00000E+0  1.00000E+0  1.00000E+0  1.00000E+0
  c13      13.000   6   7   0.5     3.125 ame11
  1.00000E+0  1.00000E+0  1.00000E+0  1.00000E+0  1.00000E+0  1.00000E+0  1.00000E+0  1.00000E+0
  1.00000E+0  1.00000E+0  1.00000E+0  1.00000E+0  1.00000E+0  1.00000E+0  1.00000E+0  1.00000E+0
  1.00000E+0  1.00000E+0  1.00000E+0  1.00000E+0  1.00000E+0  1.00000E+0  1.00000E+0  1.00000E+0
  c14      14.000   6   8   0.0     3.020 ame11
  1.00000E+0  1.00000E+0  1.00000E+0  1.00000E+0  1.00000E+0  1.00000E+0  1.00000E+0  1.00000E+0
  1.00000E+0  1.00000E+0  1.00000E+0  1.00000E+0  1.00000E+0  1.00000E+0  1.00000E+0  1.00000E+0
  1.00000E+0  1.00000E+0  1.00000E+0  1.00000E+0  1.00000E+0  1.00000E+0  1.00000E+0  1.00000E+0
  c15      15.000   6   9   0.5     9.873 ame11
  1.00000E+0  1.00000E+0  1.00000E+0  1.00000E+0  1.00000E+0  1.00000E+0  1.00000E+0  1.00000E+0
  1.00000E+0  1.00000E+0  1.00000E+0  1.01000E+0  1.04000E+0  1.10000E+0  1.17000E+0  1.26000E+0
  1.35000E+0  1.45000E+0  1.54000E+0  1.72000E+0  1.89000E+0  2.05000E+0  2.20000E+0  2.35000E+0
  c16      16.000   6  10   0.0    13.694 ame11
  1.00000E+0  1.00000E+0  1.00000E+0  1.00000E+0  1.00000E+0  1.00000E+0  1.00000E+0  1.00000E+0
  1.00000E+0  1.00000E+0  1.00000E+0  1.00000E+0  1.00000E+0  1.00000E+0  1.00000E+0  1.00000E+0
  1.00000E+0  1.00000E+0  1.00000E+0  1.00000E+0  1.00000E+0  1.00000E+0  1.00000E+0  1.00000E+0
  c17      17.000   6  11   2.5    21.032 ame11
  1.00000E+0  1.00000E+0  1.00000E+0  1.00000E+0  1.00000E+0  1.00000E+0  1.00000E+0  1.00000E+0
  1.00000E+0  1.00000E+0  1.00000E+0  1.00000E+0  1.00000E+0  1.00000E+0  1.00000E+0  1.00000E+0
  1.00000E+0  1.00000E+0  1.00000E+0  1.00000E+0  1.00000E+0  1.00000E+0  1.00000E+0  1.00000E+0
  c18      18.000   6  12   0.0    24.920 ame11
  1.00000E+0  1.00000E+0  1.00000E+0  1.00000E+0  1.00000E+0  1.00000E+0  1.00000E+0  1.00000E+0
  1.00000E+0  1.00000E+0  1.00000E+0  1.00000E+0  1.00000E+0  1.00000E+0  1.00000E+0  1.00000E+0
  1.00000E+0  1.00000E+0  1.00000E+0  1.00000E+0  1.00000E+0  1.00000E+0  1.00000E+0  1.00000E+0
